1 4 3 32 64 32 1 
0.4913925612342781 0.18784830212884598 -0.1078268566180925 0.05770651201613027
0.0005630372622655645 0.4459848556997461 0.1938648253976858 -0.03698708793189734
-0.8088958677127475 -0.674385094100696 -1.257541990518084 -0.11088864539524154
-0.5753181285153355 -0.34477424622675795 -1.228086680962353 0.052382018996576775
-0.0010383677059117278 1.2015371739096323 -0.2532520892244396 -0.02292796979467091
-0.622082130851357 -0.3677657342602857 -0.2711871981067478 0.00039756780021366365
0.0840639154376218 -1.1335166611416425 -0.6574414390047973 0.0021016800365091784
0.11681149916522919 -1.3909394148176237 -0.0005529766797238775 0.007219443120834292
0.9976958990343434 -0.06971269927582593 -1.2530816810206529 -0.05167277168008018
0.3953060715749474 -0.0973410080642007 0.530873229423617 -0.08557807464482957
0.22287554760613368 -0.2360956526096161 -1.5150420086477039 -0.02500705894331264
-1.2272978219571558 -0.030575577016279155 0.02301818234847699 0.10132407211433764
0.310304519466686 0.5228245343447938 -0.00030111553455906115 0.029080086240455716
1.479462981505305 0.7057607452448914 0.9262253758099553 0.15658809696920112
-1.1962158257417876 -0.8189930437382649 2.1816229769883164 -0.011093116747039347
1.0891551344512556 -0.6481628140457735 -1.0556534707847431 0.03015328131041634
-0.5722511598920588 -0.7628286455877039 -0.09361801519144596 -0.04610889754059697
2.2872352651215104 -0.20537759184627277 -0.4495528753266682 0.3324868572100942
0.1838504696026134 0.36532668367030685 0.7205215425925776 -0.1307756324179736
1.011006927245142 -1.9687141308055813 0.4256036770084535 -0.021627414584178516
1.2802756733488023 0.7634375529194215 0.5023293053130511 0.04394744737313143
-1.099187595550756 1.3261043043405714 1.2187609964113206 0.015573162556893139
1.1012917159675017 -0.8862382906046855 -0.81952067936414 -0.040852606955562074
0.592599853313445 -0.02956293844848741 0.880758637961709 -0.12410008032849218
-0.7373588798852038 -0.3498385340343088 1.0284720429209764 0.05010948134541814
1.0110889508146714 0.6595918564945347 1.4089673540268814 -0.05574792971915124
-0.8431336660631445 -0.1255473716963253 0.2673780232723868 -0.050505240940898664
-2.0557820451975046 -0.40137051967818815 -0.7721309066747247 -0.0022588149926148367
-2.0194560595210316 -0.7337611900204423 -0.4487381847521049 0.03777143696007243
1.3181263853711649 0.14103552013994028 1.294232631976552 0.0017162809520243718
-0.8524389878966243 0.34023429375258313 1.6733856025865788 -0.04869008743568972
-0.3014836368875135 1.3930062793474174 -0.295569745266986 -0.02733638215022962
0.11730640363158534 0.5014865678477254 -0.17702479919143543 -0.6115167150505141 -0.1833046700542847 -0.05457245325762528 -0.32462443216347625 -0.09760880366721922 0.20143886297464858 -0.036155495819123196 0.018398095456148122 -0.32110778809834833 -0.17537875863636299 -0.14170529344416524 -0.07725778101928824 -0.20743480771347092 0.15842490647775767 -0.26033835981737335 -0.17795233002560013 -0.14543170314563908 0.19676989759152735 -0.21776603302118894 0.6418941665469908 -0.02988072168482862 -0.1952792580286402 0.08843598796769178 0.30649705691256934 -0.2265155195980436 0.3697109086628995 -0.07101170716999096 -0.28063233294837064 -0.13629200278579826 -0.22548018654037189
-0.08208042482422406 0.0012002618143005562 0.03067305994253878 0.12682730662708844 -0.19046287060015793 0.347872340058711 0.1759761264679654 0.0846778722975461 0.16078117800928898 0.7430021295029516 0.7943992455499858 0.37801504709809935 0.15112338703331846 -0.11081204779363447 0.36376896609484866 -0.10253188213926713 -0.15562585793588565 -0.28641703187020123 0.16175896105297588 -0.1773296759148147 -0.3949562770653263 0.13830465050133697 -0.23125834422549227 -0.11868318947561964 0.6440579276343377 -0.2689117724127146 0.2457774590371523 0.4243334291746837 0.2993773595043206 -0.4297130357026964 0.41550648837854653 -0.12657941401074743 0.07650848997069176
-0.06676505556788755 0.32087091683764 -0.1548283910620558 -0.22190432176947464 0.010398998830160941 -0.1956393025171187 0.03899142119911005 0.12928819133249977 0.4471912835246628 0.24777568297975422 0.13141189460237795 -0.47363712125932295 -0.2772938531444057 0.25790351868907463 -0.14254427413862136 -0.18892824343670736 0.13872653243138156 -0.07758111340359472 0.19118650259046757 0.14204761553040213 -0.20367040812147544 0.6182863994179807 -0.40873505905121216 -0.08635200239342178 -0.05426998994497475 -0.3649966518892104 -0.4567576538737621 -0.06420616041860627 0.2606556652220854 -0.045809623496943785 -0.08271091430085514 0.2114779224753774 -0.020216319239032984
-0.26620915088915503 0.20698435387974987 0.3511759360022635 0.4734331258348359 0.3947356670944571 0.32702538346160587 -0.05570233319759135 -0.0005783429997761212 -0.21909545145313622 -0.008010933143592079 -0.4318035123873085 0.33860751704520514 -0.6054678502178168 -0.6077422792711705 0.4180574302132332 -0.49525066486958574 0.16077661166317458 -0.19759409866276517 -0.32013482806339905 0.13670697505690185 -0.45205698726542193 0.12335268424107575 -0.2173125347953323 -0.1989957532573807 0.21672800976578901 -0.16296409665469955 0.22177802645378533 0.5355842179329329 0.8158090853313911 0.05099107979525126 -0.05047327037967713 0.30180006821211364 0.03242985698607218
0.5747887409823748 -0.2984282020357091 -0.32405571666408467 -0.24127967659775007 -0.013279419127385807 0.5573933283241351 0.15248291076148637 -0.3618984242545398 -0.2951359750350857 0.5456357615543779 -0.13720884102205294 -0.29003244140008405 0.33495552049717187 0.3021432805457977 0.03208540100241554 0.567026958587768 -0.3832487789977218 -0.07483394496529758 -0.2498313500268891 -0.30853283945695426 -0.028077058031767608 -0.35928466427287953 0.06675620658308248 -0.645746603842159 0.17509073202883085 0.15387132000408288 -0.14204755502478042 -0.1385148249639851 -0.39886304776894793 -0.0169456591707705 0.37896700496997926 -0.08865279240881677 0.01651201878913519
0.2951645967111204 0.22122149962982549 -0.22853935198442232 -0.03510918704463066 -0.5640743371329653 -0.5814240897182933 0.2985584006723887 -0.5781049882757486 0.29062899983794144 -0.20417903567740162 -0.44875617233161463 -0.29830586293093386 -0.4571733062929132 -0.24323321151532454 -0.2905689347246136 -0.5325872301111045 0.20172629594378316 0.20735147071315455 0.37236377948815563 0.3239825689490861 0.11374330903542436 0.5337986294417285 0.24891172787339866 0.14264842505967137 0.05883591465046485 -0.2575063268988423 0.3646658013980008 0.3791002599123579 0.11094700580774573 0.06805838850398482 -0.09948121736968772 0.26756371131735046 -0.02500465464576947
-0.14253306025559034 0.25680626661682526 -0.03232129515085921 0.34752587265201085 0.42721411482783617 0.0510930670471815 -0.32891549707207296 -0.1071639442097672 0.15184382795763982 -0.35368248929700546 0.0006768652806812077 0.17313562516777928 -0.12663297945522586 -0.1938831993248055 -0.1720516692574739 0.16539147217535505 -0.04705948491038946 -0.034374164415352564 -0.18613027679863925 -0.2099178748368709 0.19777547448681368 -0.18292568795738684 -0.26511198774750144 -0.048720206798348105 0.07971689200912219 -0.07374494546655608 -0.31354416171482646 -0.034905332560574986 -0.14028381821884806 0.15513681314645345 -0.0900598635019816 -0.2089108400440271 0.008223555138646423
0.38572498480245243 -0.30770944459214156 -0.045636445201639675 -0.2008781084854051 -0.060458878663732535 -0.11891694365847151 0.04424915643277703 -0.0343457793258973 -0.2065270313952057 -0.014507284626437859 -0.029323506111476837 0.6544979568911092 -0.21191838479761324 -0.10428821875608028 -0.14525106686246986 -0.03947509117775522 0.633079089546395 -0.5303284941388765 0.1571317075207633 0.11247725247970843 0.2865088586365935 0.33081072704287917 0.12553419785731584 -0.2579557929334624 0.2735907147308782 0.01606575541630043 0.2508141951014472 0.22525548265993162 0.1640617233301651 -0.3866847257099279 0.23671537666090303 -0.03675352186158316 -0.013037188513914588
0.049084707806290186 -0.28291247699929706 -0.2900492287669486 0.1072677754374619 0.14443862023157886 -0.3041444537657288 -0.6636614435566535 -0.10233009898329612 0.153187864389738 0.49126627137658335 -0.14097894206611772 0.21233429807652665 -0.25684061241199807 -0.3437536184224285 0.20667162276383164 -0.020053211640021527 -0.1475653770335972 0.18089767201028117 -0.16993521079453042 -0.38641057266141804 0.3489405558945573 -0.07863752075986219 -0.059073482518040434 -0.2088228970675088 -0.41474028589398004 0.4145420407000193 -0.11446252109011797 -0.5591064944963199 -0.1250025594169753 -0.44736478939999136 -0.27419017095667686 -0.18530516299486705 -0.040345973422068575
0.27145506118916396 0.31053133713607944 -0.0380195660049346 0.07413324017692192 -0.41258404894508866 0.07294098986148122 -0.5862066093407697 0.029651919121335784 0.1469676629183553 0.3838829096737838 -0.032768421351723316 -0.4195942941870932 0.0043769717329799635 -0.1791916073806904 -0.3236368050199869 -0.12972330962531098 -0.01889368766378585 -0.45674910795131163 0.029950940215283724 0.1782259891559177 -0.11504642300004159 0.08371752273652663 -0.06978567077705682 0.1253616454596604 0.09886413845100006 -0.05955635769518684 -0.03627945042454534 0.2651993779644269 0.04100072703101721 0.18331700514454924 -0.2851589563994359 0.11706734385506666 -0.03080521753859246
0.10712043846085784 0.46793969396267865 -0.43887406656775996 -0.6792206047271435 -0.0906847613746689 -0.1539724797082577 -0.39133865994690165 0.05878800575152106 0.1339614847713223 -0.27977340315709354 -0.11794528201245112 0.46751945216471963 0.013207557305078095 0.08370335536936598 0.4584704659917229 0.1506644001381442 -0.36211724022401093 0.011523501725972414 -0.244082722458403 0.2082978939950604 -0.13382197420163036 0.17115632383680296 0.4777137880072019 -0.28729174785346223 0.33377218704271333 -0.15505133598336596 0.1946388512760677 -0.23626406411315962 0.07197273732136965 0.04518199841263605 -0.16019211330892094 0.31040628651932256 0.009412600969656829
-0.17683932278731332 0.17941593192411268 -0.048145880347623266 -0.20161476474049062 -0.40556470258839755 0.2872840148338878 0.18401229609557537 -0.007650790158005706 0.05553040193507637 -0.4885594551185238 -0.023147741370097306 0.16168522627537668 0.10527197061560624 0.09110565208844053 0.06410054919268933 0.08431073936749915 0.2912630944380888 -0.17171924886893827 -0.09496023935378814 -0.2447558547531944 -0.4678668722552762 -0.04072794925892391 -0.024288606516303653 0.00294392383530791 0.02775387377962374 -0.011080698407345362 0.2442559125428721 -0.07081075846231068 -0.2455069639647765 0.030103444293112576 -0.4045746425740807 -0.004465449401152281 0.00022677892870565246
0.13634765386379896 -0.3373539968888201 0.3491733243757761 0.03617847731550578 0.19580529357979015 -0.07180076963241543 0.5717633958307937 -0.03663206412534224 0.4740619484951473 -0.1895727003100403 -0.05147529182428832 -0.2613667614785944 -0.23761333805869425 0.27401637198140916 0.5553694541165315 -0.22174801998010019 -0.19277522206767553 0.11740303911224925 0.06631151358641384 0.25562069749078403 0.0018778189381953572 0.1951207194481315 0.4067632434094887 -0.1026711976248252 0.36479357663284434 -0.1326300002868608 -0.020677499970923968 0.0008690430462609446 -0.16618556094424441 -0.04174785039133293 0.3007643714743922 -0.18891207648750827 0.07424224861068454
-0.15652496574294697 0.026634913878911152 -0.05692447340804431 -0.3000220536730351 0.19667115473645405 0.19898640876903476 -0.10554072498773205 -0.37367219655284156 -0.2507961650153518 -0.3096497882587434 0.14627811400920324 0.6830243030806676 -0.44475933771173215 -0.12226163551783246 0.24809536499197077 0.26459282292311465 0.4255396820441716 -0.3663284807933217 0.07480226815270932 -0.010213808388642354 -0.20613370823408067 0.15490230569692637 -0.4545036639898167 0.03494365633782247 0.14879178316940542 0.004927646207586874 -0.03898801963463517 0.32712479465754835 0.4482953151278066 -0.13946640512216815 0.17079702038429115 0.2997382868401914 -0.05473357553062191
0.13276827243023873 0.2361360604285612 -0.04475280989989114 0.08245125004888462 -0.08405034413896853 0.28804888496619313 -0.04139962817695896 0.22739408227467228 -0.3654632607856618 0.1814039881274425 0.1702459487924423 -0.14006104844058934 -0.4233370407602617 -0.1531297248214265 -0.11808052595974315 -0.2816912801707793 -0.008602468852432828 0.12413414048803556 -0.13498205627798562 -0.3409875547025013 -0.020817842347075278 0.11980343306297082 0.07061293266530877 -0.1883216889753828 0.0915798372570059 0.15759831423560994 -0.13390776295848697 -0.14179498994570786 -0.06465097693496517 -0.16743921074587984 -0.5801188046338546 0.10312810555355344 -0.010091545300060628
0.07497265027003985 0.1252611259934988 -0.14591601644416705 -0.09548067252363664 -0.22653291147539517 -0.22374353928586743 -0.08588034277656438 0.19605347868147016 -0.1942887250395915 -0.11814563148222142 -0.1793241255713666 0.11238007296972652 -0.21914538835201922 -0.06337914454631922 0.22151582681425958 -0.4309959107513061 0.3221387383614579 -0.14119856652657004 -0.37769447786813765 -0.29022405801840745 0.18029092155505227 0.31202233944971186 0.00402882268131678 0.017260838578130263 -0.4806868436952844 -0.12023604406558602 -0.19106979936095667 0.49444282297776215 0.24589357161486633 -0.0529967845662166 0.5385500800506877 -0.29603359768190096 -0.026827104408916863
-0.16712837371036748 -0.2996585810700495 -0.010675813284772646 -0.21681398200408863 -0.05497726592536385 0.11471027942599926 0.0073215859703474155 -0.4395958305069104 -0.18429815716555342 -0.02587893738780699 0.4826365621068073 -0.33047926040832953 -0.03978828065488022 0.19444863246463703 -0.032481788832195685 -0.0006772436050361938 0.08354026284953067 0.3439020130803465 -0.27370336267038575 0.20942777250792885 -0.12264357496469959 -0.2394920165407339 -0.37671286265069487 -0.06079131665586478 0.19449119380706112 -0.06386282778443639 -0.04149229899743887 -0.07973627131551339 -0.3535900023578113 -0.3262982675561897 -0.018931962617081622 0.001837649792496672 0.001563486015412244
-0.33854709600815586 -0.14512922347549723 -0.3061108991297574 -0.35927313142966905 0.36455481658789735 0.23609476315832298 -0.1545356373604337 0.21770888658405851 0.4626087247995878 -0.15492885058434774 -0.6146971064502836 0.6220127646419923 0.15460508998733613 0.04840845472781449 -0.23514753828064078 0.4076654396098033 0.3178570725048702 -0.0752882816460484 -0.2599584764499347 0.26091307866136493 0.28969059902109895 -0.40719693261296697 0.12853849499320533 -0.4771383488417705 -0.20239310560725254 -0.5649687482707512 0.08722162747450074 -0.17198637384503523 0.35921417785264487 0.48383535317634685 0.21841289940165878 -0.023209101335397792 -0.016018425303483703
-0.03911800242356335 -0.011327695552536285 0.20188509871198565 0.15930966462176271 -0.2913072533791235 -0.13408769100434298 -0.26067373066386507 -0.11807807479517744 0.27638153451158576 0.06247573985150599 -0.08234259247061433 -0.4084985909001019 0.04105229737929764 -0.03238657783165634 0.02615557469837529 -0.17567857119532757 0.007370995773184064 0.053891741258614546 0.22052457109698503 -0.5327898453959441 -0.0038327025140872015 -0.01955293190529106 0.23547378438453548 -0.13949263860958275 0.028259375913059978 0.0032249556902572358 -0.21938495812066944 0.05523779354849719 0.03473445532380862 0.07348009634320062 -0.4691724539477319 -0.09762961952527481 -0.00981439499708597
-0.12575497766988916 0.05569896710213854 -0.03363028412604905 -0.32240376047344294 -0.18885053917464897 -0.15625276141888997 -0.6229259863311304 0.14516873480568243 0.5540080543824838 -0.07834405922727761 0.28995818924589867 0.21082761512650272 0.17269855027684866 0.25134416247751545 0.25129273308853356 -0.18374305127926088 -0.42928909004840815 -0.0421078324863291 -0.039348526032601625 0.33986034056888725 0.043683749080486396 -0.28669330256671954 -0.047027678367216955 0.0815373897670818 -0.3377352175154924 0.09378714197798216 -0.0387068469000647 0.3138578136951762 0.2962074517985006 -0.01845455994569688 -0.11502347234007222 -0.07841722505156025 -0.0048092692814404505
0.19380907413442072 0.06944836912130004 0.0036636768457099004 -0.30252491313319446 -0.06034732028360382 0.5426018852896622 -0.09211671307489927 -0.043717011707821905 -0.08117909215625228 -0.051126675640322576 0.025023502452921075 -0.10401859059080935 -0.055007150676492485 -0.2914731193204849 0.7534421787522756 0.01621505231512707 0.022300803853891528 -0.6386256351970984 0.11531147664910253 -0.27168892237433423 -0.2559315033068261 0.2128317715252746 0.3121787276457951 -0.21705161038316814 0.21450935130027188 -0.44249960144620215 0.48500699528244295 0.2980994067701984 0.5143574744751641 -0.06504854574515712 0.09847844159065516 0.4371502683699444 -0.05520551188944699
-0.08062522464364559 -0.11808345284177964 -0.08000411102869565 0.13040592669784407 -0.1387401754887153 -0.2841399169623465 -0.5035133997051843 0.11041273594772308 0.1207595352381378 -0.16356558898218038 -0.025351701837627 0.18712606852691155 -0.04547735217813656 -0.18213460485439506 0.10327248192712786 -0.4549282972474486 -0.11617563546230729 -0.17293678649126748 0.3639262220052371 -0.13918274445932072 0.49127372287039556 0.16319271691759124 -0.3391209921508764 0.055607338490470996 -0.03284933766325379 -0.3772463958249912 -0.0317636590265576 -0.18950135957111477 -0.28723762558997246 0.03101633144762712 -0.7910325357176794 -0.13847805097184537 -0.00128917163555376
-0.1315262896676075 0.0036964789531306356 0.24711591562909105 0.38223056876331585 0.09221779729286983 -0.6841474306244345 -0.2303652759857177 0.04067393825639451 0.25818355395284565 0.11199539158877242 -0.256488806539616 0.07308694173755469 0.062366866323197975 0.34830414867002424 0.11591905795282602 -0.13468482751751631 -0.10646133576769529 0.11994017415727126 0.10378318396435239 0.460270856543096 0.10578418807146983 -0.24853794619192793 0.04183354544764037 0.11906742022071487 0.09540122952636303 -0.19662382043010312 -0.18854234209146378 -0.08737939434776579 0.25671777388648354 0.277479578273436 -0.021501043394662762 0.21034985223748673 0.022746032976366907
-0.002184673780562662 0.10377199449671336 -0.1669578818530439 -0.2961937718659597 0.30649487359209165 0.17385106798222302 -0.21829268348243167 -0.17955118410391607 0.01810097563390553 -0.22726683373844472 -0.3190755578435193 0.14874206175247637 0.12472578640922674 -0.35817223089018757 0.24315060901952515 0.42373271142336316 -0.01936583419423958 0.2268335670061083 0.18811716105560633 0.33794213884893615 0.051308677842269605 -0.20240565909716543 -0.1563208788988615 0.19695243641542526 -0.11242094504862077 -0.428487183707791 -0.32066757784449096 -0.3662436258028921 0.10227203750362267 -0.14404503441357663 -0.09867180156512571 0.06254098737684552 -0.006641358482306375
0.04712314851760317 -0.10721147855491643 0.1556184008727979 0.12673881369586185 0.012224430375308546 0.12614170444788142 -0.09839201238559465 -0.2741556594133458 0.06785349708945528 -0.20363538383037505 -0.08183748149108583 0.07582181275247506 0.08265106666700961 0.2557579813646482 -0.2300421477605422 0.11118205745650807 0.3988783118576283 0.12605207302986704 -0.19454951478421464 -0.13451663461039592 -0.5754194913698618 -0.08743485049289 -0.12568617300074986 0.12984961237114262 -0.8122350353950496 -0.10607919944076656 -0.07958926543636687 -0.11535197015340905 0.0665340143338811 -0.3046479303199259 0.005861169204344317 -0.13326903786839342 -0.002358997798128829
-0.138195037787158 0.2975596129486991 0.13468617039377676 0.0165465693602264 0.37414062712331736 0.058470530917835585 -0.3440800636863536 0.3501180979706522 0.15129395683496333 -0.07643362528538021 0.1992406281845488 0.06234157794471658 0.01705896408507058 -0.34970275322459443 0.37994370051389575 -0.16514790488068698 0.09471072699074916 -0.01684285727982201 0.3135881132725451 -0.47136180722243964 -0.11182934510125461 -0.21668540549143336 -0.044607514436058975 0.018562854487334447 -0.05909272758978588 -0.038762298491476985 0.06497150855311952 -0.6615037405164071 0.16783850210527973 0.022570996055088638 0.198426369255068 -0.11386847044219513 -0.07446832648846662
0.14325426231397467 0.03250629436011407 -0.014528911493851824 0.2231994505735422 0.2412867166484007 -0.009325516230718861 -0.2844279831873904 0.0443162042472707 -0.3478119954062185 0.32348589430810926 0.07931137109924252 0.0040509803349317725 0.01760432609657805 0.15915445791712274 0.0017750661538284904 -0.03936317831525776 0.21155738488700448 -0.06786357959585569 -0.18409630230738755 0.05395458292926738 -0.6510269510755152 0.07027058388353137 0.22396199555469312 -0.1514876713853619 -0.4098060506341166 -0.29728235789606505 0.04351098658495722 0.28677655104715005 0.3360436702379077 0.10583389161277326 0.3467343462137959 -0.09472519636514116 0.0035244850391455375
0.4861264913009092 -0.13358034972325214 -0.2533714355611327 0.12775610260183154 0.22660356855567582 0.11135812064092286 0.27950453205332215 0.06665174025050058 0.15243516438656035 0.25719502835715286 -0.010525005013973548 0.19732270161940826 0.23080621747644897 -0.46684069012661644 0.25088698515278657 -0.4171245803513572 0.21345434616210285 -0.45124433773905975 0.20650749078496616 -0.3555244050273626 0.29583195457817285 -0.4597124564128026 0.10038265211927583 0.07923133035668113 0.07116757971949215 0.03572393275079127 -0.13519237323750385 0.14617743012991555 -0.23107100982578632 -0.021948844722192214 -0.2505814916027366 -0.07941228133661067 -0.09800435875694659
-0.14854646412154554 -0.26982303675476954 0.22967109547281228 0.022718064186911788 0.14450925378508703 -0.04678586979059262 0.25038805772698647 -0.07931528984445271 -0.13749187490758175 0.011922721872018928 -0.25724755986003106 0.1739600162112989 0.33050497415489494 -0.2718571488513507 -0.2224231483178663 0.019223090582493916 0.30075816483158135 -0.5576023830978787 0.23158534611811638 0.021698176624780706 -0.09179307131906142 0.20560613342529593 -0.07916101217663664 0.1623248740536067 0.3432338133219929 -0.2923646457434389 0.05024447874211873 -0.118292914380108 -0.28772923144959567 -0.11795529550577892 -0.13720368589181214 0.1722502902331052 0.005103303382959956
-0.07772915087918773 0.035965622360496746 0.4911383231438315 -0.2160919490041178 0.2648701259481669 0.04248341030449415 -0.052893778659312746 0.3910747023420641 -0.05865535759333142 0.17135985426651573 -0.2900718259559678 -0.17483660260512024 0.434988882262811 0.12261667371068369 -0.25454980491567397 0.22401299538921574 -0.15067321100890024 0.13024071134810872 0.018180279721867906 0.08995769268499806 0.09388337206265819 0.1723921467866413 -0.13163207941510877 0.21442213837766036 -0.2692309341331561 -0.5317776180999232 0.15214778311296895 0.384955635951243 0.11016212839766602 -0.24712657420456938 -0.1263625277309247 0.2729453772911795 -0.062152796507160074
-0.2997493563874572 -0.3256894376045628 0.056499961406547915 0.11503737388527036 -0.205272851279295 -0.17495705100803222 0.47777007505554997 -0.3843960690052977 0.2903600934112294 0.1698745121519164 -0.22646046739735456 -0.32119149401631375 -0.16634876314083483 0.24534499518512992 -0.2700603790312748 0.09330479938540806 -0.004806634524556884 -0.1559955814597904 -0.11679061250582748 0.002654937263513611 -0.24727572131556078 -0.023820691631510543 -0.1962267898588511 -0.23511908076440483 0.301636166706867 -0.42468232014186336 0.04002422488825638 0.15409833677098417 -0.182785833989292 0.5514266454675437 0.029267221135945227 -0.17674867454983367 -0.1757165324611241
0.3550890407709491 0.5871854672019858 -0.30376584219770647 0.11833923322104672 0.020954135365259474 -0.43049002690683547 -0.08237964001858074 -0.21964797928044727 -0.020928428304120086 -0.053206071923456534 -0.18881442371070895 0.19562362162232907 0.26439920605529166 -0.0043883698541313226 0.08525429246065253 -0.10524858374965855 0.11844715719520528 -0.2309051629608202 0.3473496088125415 0.23382231312155444 -0.3107329568767033 -0.19863086685142864 0.187825345682504 -0.4032987024633817 0.16764634624030983 -0.0069635501863455455 -0.20723321171622994 0.09451728267155841 -0.21987843176128663 -0.04499543413052246 -0.25975766816083873 -0.36676474863524305 -0.0001021591065235198
-0.29227918256002156 0.4517942051268586 -0.14207518990455817 -0.012424510665671747 -0.16838089417392363 0.3192773849087065 0.38948217000251434 0.03663126650382674 0.14247670339162927 -0.15971506154771084 -0.08985709213059098 0.2643360552058904 -0.015583009437717218 -0.08417573274201286 -0.5800759255110246 -0.09217856150439381 0.11600543566789666 0.3571482802288647 0.026264389440108133 0.1098455679726281 0.01182930266525418 0.6401661673201753 0.058209141791119634 0.5743482920012459 -0.42572367325038113 -0.3480510552392129 -0.2871394438540664 0.02184880851933846 0.15824567563293718 -0.21387462776075108 0.08747483124913491 0.10847554588158466 0.017843147429417824
-0.07253452277187943 -0.10186166590528553 0.0998510341658683 -0.10121687611795172 0.6774891063907884 0.23422385463297413 -0.27904751373530107 0.08326111688380686 0.2931103976660761 0.12375195496948606 -0.3287663933209527 0.525427917080064 0.14844065263451528 -0.020491508609784697 0.02664023712779661 0.10834429319078093 -0.24254397332309335 -0.6014106455869117 0.23477626774904556 -0.3173372525459206 0.0727599626166847 0.23456625297562755 -0.3039771537814686 0.19209670262508818 -0.33000761937472467 -0.23981848570864525 0.5570976093640311 -0.3176879484960224 0.015328509889985494 -0.20674453681529523 -0.2494508182457276 0.00017268160810896834 -0.054564424436017035
-0.26392591093318174 -0.062028985491551954 0.281549093265595 0.047716194787293456 -0.3027572433677439 0.3019734703273227 -0.48292094174911737 0.05135798759037486 0.07614436046816717 0.027319127252077167 0.1908691677086321 -0.38351964934292326 0.028866504183350555 -0.361054631757278 -0.24075290025901577 0.21159424574926286 -0.31605130533222103 -0.43331026741308876 0.05743599574792827 0.1449763464060599 0.40267199787288716 -0.05988322455724977 0.1429479692410593 0.45057109702067 0.2546377087654227 0.19526773682037674 0.11731580326137223 0.009839805411307367 -0.24444091371411628 -0.030653080124451743 -0.32592588026409897 0.11523525473551778 -0.065792797628626
0.18009150009853891 0.09831322243442324 0.2396972842771138 -0.22096483226502325 -0.22388838685757392 0.16450889396859414 -0.35683921322661005 -0.08239298417115515 -0.07302115485072201 0.22684856277024107 -0.263718419381445 0.28867929127153624 0.07172425374342861 -0.02574827875231061 0.0725834807352754 -0.3639831893335923 -0.36127641532131616 -0.06207030927130992 -0.25549791619953643 0.5276199096638983 0.20692843581272935 -0.11229515404021245 0.4766614379341472 -0.303639737695814 -0.04761458241114473 -0.7126100118511511 -0.07202519289041025 -0.4260001156250818 0.18352235321760982 -0.3003680460509946 -0.2131751543512602 -0.3555998309311605 -0.02109775982150884
0.18337171400990301 -0.18278312565493707 0.18978471095723384 -0.19316171922728345 -0.006639876421439608 0.03556046117190202 -0.23020039205407813 -0.1055959215715717 -0.2753652937979886 -0.1487077066680229 0.2546014996256299 0.061956597439610205 0.11068669385979249 0.16561337135560186 -0.24909275772560943 -0.20841311910136348 -0.2591879703209888 0.13681260076623297 -0.10895532380502036 -0.10626883569706543 -0.14916844935620574 0.3261537754145592 -0.09806598413082332 0.1454485427356294 0.07805590661882535 0.3928639760369831 -0.13119573116696573 0.2109215396412974 -0.2370047196047184 -0.03801829247444964 0.14307267802691573 -0.03588956782302202 -0.02340757285713117
0.30408034354422964 0.2401066657842255 -0.3949378496034764 0.2850597327245579 0.3096414221570043 0.38940911043522075 -0.6046113018914412 -0.025336020115235995 -0.4669137267580549 -0.2263777269821042 0.141857224860046 0.4444144182640839 -0.10309347938868561 0.05137170285903319 -0.1414439029414788 -0.20674634367079683 0.12236975508691211 -0.06355985756851178 -0.10613213129278813 -0.004035098650273068 0.21446838713563166 0.3306142258015387 -0.06970804780128069 0.049961324744062924 0.016054362155309646 0.2805376103541421 -0.21693948458159615 0.41362755090875303 0.402632197079015 -0.15150617392948434 -0.18965447758734982 0.12325127075755532 0.023208863450890013
0.21878937187930708 0.11127780178447456 0.01725595807415075 -0.17011699293549337 0.2036693928607652 -0.14908803671491233 -0.1712025622177492 0.18343320474700378 0.026993047551229613 0.49279214907719987 -0.2659467419182127 0.20126007001836266 -0.15030300831726562 -0.5160160140010468 0.10184096727810156 0.030002145134571098 -0.11831606663604673 -0.2779647527863707 0.1500706375414075 -0.1698694662465004 0.1488294248371636 -0.42811337230404123 -0.22517221063973916 0.23934759729017352 -0.25204154118890587 0.6027587783586651 -0.5013015520267765 -0.022874873168337886 -0.02779156490682956 0.39221136515839955 -0.2828052886742177 0.1563906987387902 -0.03359445055272296
-0.09414495816307072 0.12765166762940633 0.6600634002798317 0.12789081877480926 0.11163012457975337 -0.10476696876360621 0.0735954723232091 -0.4648786906894642 0.16756014364502395 -0.10209228274594709 -0.21924817691273163 0.0490916516609231 -0.45265076739845145 0.3576624865024595 -0.09542723082046306 -0.6172564231039912 -0.09313506169423107 0.4354774105774892 -0.39492550581216496 -0.33969446020975147 -0.0998888238987335 -0.30226886310941997 0.03873481296076848 -0.15222984935814582 0.45214574152152653 -0.21543525810492445 -0.49426297063526714 0.36757581667014466 0.006968683199120872 -0.2784798392872955 -0.03587836600069756 -0.28290026035094 -0.019375842876344633
0.2340626811281513 0.1798918976450775 -0.15352109975601697 0.47753024838433505 0.11370325300691832 0.09914951935686998 0.41642671972873524 -0.07640036816289415 0.37243829202431233 0.06723244894071403 -0.15647488347762642 0.0454387245179675 0.3629540134995621 -0.1192611277719548 0.26098247896640864 -0.14448714874744 0.06489960256426688 0.4420698338302474 -0.6362457580407905 0.14670269704624717 0.2621027945107531 -0.1084566096167268 0.339188103739773 -0.3286458300277799 -0.22077227211148415 -0.09861347304338051 -0.25868322032228985 -0.03243322889432631 -0.20092825327924504 -0.15044795375317746 -0.36699077902945504 0.19487167828790022 0.05257228696767288
0.37805489613922655 -0.14663353495255635 0.2303814886181484 0.09967454626946104 -0.1264609814386115 -0.026027779425712667 -0.037890391079599045 -0.4649752187585011 0.310007934954976 0.2740876951327471 -0.02136727744912079 -0.16254971980320393 -0.05897207538784747 0.4357748201245924 0.00901904697516052 0.3237191568942608 0.289625633218903 0.38675236851198014 -0.16053134889266252 -0.2665715088046154 0.4641994712822845 -0.13401541941870204 -0.03734565354475189 -0.1138132917123713 -0.09556826283973087 0.424322423621411 0.6193430520973975 -0.19162122745486798 -0.12753267628073073 0.03548312300151593 -0.2745526452653418 -0.1358144964273818 0.01207445008124435
0.10208571220474039 -0.018169843166447232 -0.1826367785351386 -0.4111034453160364 -0.15036205924641616 -0.07196773053040471 0.29160423191984297 -0.002899845334033476 0.1773193075934104 -0.3027499640481745 -0.18010892133105216 0.08888952523539695 -0.44164497739968966 -0.028911206646915974 0.22698364216671738 -0.026731928690959424 -0.23485754100991033 0.3765948978401953 0.0232108736659596 -0.031727647963918415 -0.19953935224815122 -0.34484304350922224 0.2778846150262091 0.3719922922091169 0.35584294533944383 -0.037517713206797074 0.06515723614393688 0.13240792125387166 -0.4792344289036342 -0.37738877017464134 -0.1491021986999202 -0.2788885812973488 -0.025533532967520266
0.04461039726560099 -0.020894990461257715 0.13644047323821945 -0.21914743598641465 0.1482029490485872 0.049280646372133904 -0.5236712310967813 0.25856857861988447 0.03439332864367555 0.1233439094463261 0.05821490720603847 0.02678788608806555 0.20111501652648273 -0.34874357790052574 -0.27783901904961233 -0.44402496962937127 0.626082944907364 -0.21197862122678676 -0.03791793856566314 -0.45971108211436235 -0.3148139330966102 -0.07412386180581969 -0.0019175373334614262 0.36454697672770786 -0.4352776504827464 0.27561594276303647 0.07935252228573898 0.25370650878385864 0.11073738531319864 0.15043935040715717 0.23478102117878513 0.23386084248502048 -0.04426058297866877
0.3852280418415985 -0.381078611713693 0.1210169501148682 -0.14552102783487622 0.10630183323000197 -0.0799660292207788 -0.031038076857433414 0.25265706779373465 -0.2953347312199849 -0.3251221644170026 0.06653342898614689 0.10863366318522463 0.09589121875777805 0.10596584937666925 -0.15922190616573317 0.40117267568327214 -0.5942151875600549 -0.30554624479240927 -0.5635167643721934 -0.3542927209153884 -0.267247430614363 -0.3010941179739187 -0.06221757285151523 -0.17269155795560623 -0.006803113930132414 -0.15909920898505367 -0.2520601623004783 0.10758818490822847 0.010130242705061415 -0.11998104633158274 0.20113135173427654 0.11543875574571533 -0.047151130860186276
-0.36888115064469734 0.08170844645749102 0.12614266852109415 0.13838560146600223 -0.30058990398388813 -0.40349118720011806 0.10164423707700952 0.12316641256841464 0.07699480603929663 -0.021268783443558394 -0.30758757273663745 0.013058490094848215 -0.017883996234063063 -0.18103383938158715 -0.0410817410393738 0.21193884531991639 -0.01338059284667017 -0.002244255551169526 -0.3406922689356471 0.10204579191509923 -0.5443832241964287 -0.20373144822451442 -0.30042064649951133 0.010016266324583495 -0.028208949240477035 -0.0343007941114736 0.25567685117861844 -0.044776385294065725 -0.2757075545726875 -0.02954182767154798 -0.4628262323716515 0.08940820385404558 -5.241933334765517e-05
0.3128708308317568 -0.2683120261555288 0.022876806342684845 0.12036334564425952 -0.5356956544470651 -0.15832391798612397 -0.3070171297677966 -0.27300830982210716 0.4695181479760763 -0.35111799998905585 0.24530203299298373 0.12971778707871023 -0.09302539901790777 0.15742709029326343 -0.0712885170661138 0.06687478783476901 -0.245073150155933 -0.2798112627440079 -0.18281174648922072 -0.2399653934333945 -0.10529750769752176 0.15064474771215217 0.24971990516820433 0.2515155001022922 0.005729691033977795 0.043858107109634205 -0.006401960953219415 -0.061867009974007944 0.04539131711325666 -5.976110773428113e-06 -0.25303741857910733 0.042047775372438055 -0.10596268568971533
-0.3393476146801636 -0.1204249611535214 -0.008572065463075734 0.05827927756215641 0.050014946795030796 -0.039199913405815384 -0.07435700564568513 0.05745250007798379 -0.14734448765802696 0.2500259344917344 -0.02077134649586994 0.06241802845224318 0.1984943560798112 0.00966794409597093 0.30994656442953555 -0.2639979375365204 0.07562268360258016 0.20781177912854645 0.24574738963173287 0.16640843541776199 -0.0070599663844535376 0.42764665301540294 0.049485733750069115 0.020319580570617623 -0.17683335754711368 -0.12378547869762163 -0.08710585339519014 -0.5568862316519404 -0.39588813322869526 -0.6733446441769428 -0.08022650448334599 -0.12707872280655927 -0.009296197321608822
0.08321795572216333 -0.39255707740259355 0.2029632936466144 -0.1358723910418865 0.06848903018150228 -0.21053862664899406 0.0018535604984354713 -0.695194819696521 0.09695813451237167 -0.1770307707476481 0.06938619355990261 0.06555051241655795 -0.1279004001205284 -0.20175970825705777 0.06646485891344822 0.04900944401483514 0.16281927885431396 -0.27682737637832083 0.35510942695968656 -0.026021816032890586 0.13286413895697619 0.535959689633022 -0.07002186455496695 0.03370326056016285 0.2029084525811095 -0.1903833909439521 0.4320524588804215 0.3781652462456815 0.48407632383938537 -0.05972709965786868 0.5084893561019881 0.047047427002409034 -0.0014004801135708875
0.16200629454507462 0.019115758221219685 0.08682259990217903 -0.3187119689728193 0.1780792009332277 -0.4120101121942177 0.3718753286035348 -0.0041145250936493035 -0.09362069323367561 -0.2237941307261378 -0.30997216193307797 0.1839300280730025 0.1771022285224329 -0.10098873191672372 -0.11031036239318515 0.021143526960201005 0.34336320243917917 -0.3143453011782372 -0.2414175251605685 -0.14580052980126343 0.2320335904189274 -0.06247970993239692 0.10893089740664291 -0.23390312222924214 0.2603143198764185 0.12702921731917682 0.4230138052836969 -0.09974963050428441 -0.46507508881928433 -0.43310735272114936 0.3420129862575674 0.15782145729577188 -0.005553135134259649
-0.09903940756973484 -0.06879373611368353 0.15000320462197675 0.1684421137013597 -0.059837834715309374 -0.02952272228039482 -0.24471597232488762 -0.12235189342191918 0.15336957583827357 -0.04943489125230999 -0.0016386994517821412 0.25405940546001543 0.008537592627780428 -0.15640069061955628 0.4578764366533684 -0.273064459074954 0.24258592642375904 -0.3148021353657943 -0.1721790923201856 0.07825226423882359 0.33171535871386415 -0.33757178779678293 -0.2788683400781657 -0.5047106253990099 -0.07407059233252387 0.04052940070616431 0.2873773514576714 -0.3810101033198417 -0.2333817258191502 -0.007207632642657062 0.48841188036540845 0.1116163637820256 -0.029122058623402867
-0.4390417955426466 0.020756902146949148 -0.26359941431888456 0.07144189063070679 -0.06721812289476488 0.3499076583771172 0.22541150818823572 -0.26789913616827793 -0.14005490660836237 0.16685720794347536 0.1587712432938743 0.23805473228484028 -0.2608995757909939 -0.16390698029319964 -0.2800334009731905 0.13090852795847543 0.06422726509076586 -0.29353480969182255 0.2898052622220235 0.4539339192376276 -0.061359884266156586 0.6534049363729647 -0.07047250325286564 -0.42793629191445265 -0.2140486081085848 0.19920640297156375 0.13846927982139637 0.5659239994852884 0.1087865468850207 -0.5140002369526335 0.40662423572648276 0.12403446596417339 -0.04223640769290008
-0.17042886451382835 0.29348454878120256 -0.3593826681501764 -0.1441033301938649 0.30793360327077957 0.48198639234740404 -0.18465746332707972 -0.2136465900340097 -0.17201960283735254 0.09065060562711029 0.011256106075963801 0.2208004621568969 0.04083910292803403 -0.4063536889655646 0.39709002357026274 -0.2551754724511673 -0.11351819350156381 -0.2604151474757929 -0.16726885069000785 -0.07325879937488015 -0.5672389214078591 0.47833199098228796 0.16239393401263094 0.03602857317601183 0.14222703543055004 -0.07701842736255197 0.17257541850773453 -0.013323422359099849 0.23057616201485895 0.03407071444595335 -0.20943069257405011 0.30334833206177797 0.019677971874287645
0.25064684729097136 -0.5334531645166181 -0.12771592306096557 0.017633697485958274 -0.15614064595035254 0.04340199343972678 -0.4014741533886665 -0.21962267109520192 0.19417820036356354 -0.10730365499000966 -0.09949552197867531 0.1182993612048871 0.3863689017960244 0.07619116881012285 -0.22775005791326497 -0.012358274494958419 0.05502068284161423 0.09705907668634904 0.21984599029241525 -0.030684828888557187 -0.32304155405794976 -0.24375691858946713 0.056642282536617024 0.2552193719222532 0.3089506062157075 -0.15992712665897216 0.1545186370194949 -0.16609825134230918 0.006217998070921659 0.23201156923385347 0.12501511114812744 -0.1251308343472947 -0.04026576104205064
-0.11582832163138554 0.2354272701310388 0.3617371572863622 -0.027961327776217546 0.321095023511155 0.08054664175162458 0.5078379875635769 0.07884326922913666 -0.20072302738630873 0.2511003962887535 -0.3566384159143164 0.06992492829078187 -0.22341162716618101 -0.11147934475287898 0.2280379266693704 -0.05763560351264188 0.4095599931803281 -0.4961676190785818 0.3704181736137541 -0.5657249753017212 -0.48770158175993183 0.3003607974260171 -0.2685558157148765 0.35309789579210976 0.06771270824372104 -0.07247759097708649 0.10833539542526917 0.3649658023475783 0.4094125564022643 -0.07421004549682815 -0.08206236618866508 -0.21430826418583437 -0.017413165187240353
0.12402307933868967 0.04782506139261345 0.23973267968046694 0.17270380591033666 -0.03418246628779066 0.38516039650819844 -0.02061240763629785 0.09398202051842074 0.10628610285350816 -0.03405276931673017 -0.09565600947013965 -0.25124547653302437 -0.045167217338068576 -0.1245804529561844 0.03317495968150076 0.14598011394173713 0.07861769035929209 0.07861347739859495 -0.03424698727083945 -0.05503737698331938 -0.03349717323793101 0.11513164637309999 -0.2686244832559098 0.09304312816888838 0.5237928147487271 -0.10392513335455102 -0.2698731661367002 0.13574728262503225 0.1025894944813244 0.21079877076468898 -0.17917102593984657 -0.27454729008512474 0.0049667691085493095
-0.0408726131432098 -0.16707338011040326 -0.1190882140000093 -0.1770782503918565 0.0459301870696145 0.10175477300486628 0.03032429072171712 0.0830353387602983 0.03912764350176533 0.058134431493482366 0.11931661042438488 -0.30807323318848345 0.007124872447175509 0.20782677249346826 0.07201366199785844 0.23873240385313793 -0.02312908104014337 0.24794380314894027 -0.6008785002635889 0.5541217256344948 -0.07144228915374978 -0.026594507016027218 0.7622195774637446 -0.40992796139298987 0.058158910393795935 -0.22102421640519326 -0.2221116418815431 0.06472778341786993 -0.12375900450849653 0.07817738546626138 0.23713885310655672 0.3828588548730045 0.025168244944906097
-0.38014972288085513 -0.019229708833805745 0.07862093173069803 -0.4207648277171201 0.38172793657925924 0.02236480052000069 0.14362900333791953 0.04305632940628523 -0.2262440885686016 0.2631553998775101 -0.046942536923032616 0.23877795353631234 -0.11484034539353159 -0.44109657072408953 -0.5129369949185323 -0.18217316974275863 -0.09774707134795886 0.32294618272431286 -0.3434610960234938 -0.03818212829322154 -0.28626271398515524 -0.08398744519804945 0.02708808757919754 -0.15200592210262753 0.12501315171667757 0.2826565784208374 0.27259775150251275 -0.1843397604788816 0.05506081588394605 -0.15953255956967768 -0.19827685829678596 -0.1499703676385712 -0.0350210241572348
-0.004034864969793037 0.08810034651285052 -0.24016944206067353 0.09290843829452324 0.1108062185339479 -0.19390100214780254 0.5011795696455307 -0.09322108219345362 -0.20827164800231243 0.0824782104551566 0.04756142699008457 -0.1632823284925968 -0.02445789569855776 0.22096630570175083 0.28048740721350945 0.24962105886388206 -0.1904772293170613 0.13749937904442572 0.13634366439996712 0.10539388482651325 0.040534226586775086 -0.05929864701676887 0.11160552734460603 -0.3566253454717564 -0.04393367845728602 -0.21656503630672258 0.013393502971936096 -0.29447024377872727 -0.3855036571789528 -0.023038536693544557 -0.3266300953623874 0.15435103515991816 0.036032858606226584
-0.2106629113529398 -0.31580204474047696 -0.25560053740129896 -0.03778537468991036 -0.3985137494141508 0.13095949380960634 -0.08914585725204686 0.06839576037147019 -0.029425228008981653 0.02718360045244778 0.30250397847741795 0.02744474895527494 -0.14466941920801146 0.12891255959309617 0.012708964557241213 0.1165587929875189 -0.12447769202762878 0.07846810718540786 0.10854090272245508 0.47619320167196927 0.20748564056571428 0.1207636343317604 -0.4000899509347095 -0.36740281630389876 -0.0041223051422813435 0.1760464305289405 0.3414192659566291 0.0557667896161169 0.367662774669118 0.40338203992049965 0.14047211373078827 -0.015881961402001668 0.041111166143145715
0.3469620658613457 0.3613483877537488 0.33170153776345496 -0.08377663032594808 -0.18957975827900445 -0.2072133844746255 0.08974365360371356 -0.18306144267533175 0.05899490014826339 -0.14298285732359645 -0.3216969509840907 0.33644092281529936 0.20568355901569124 0.021071524367994303 0.417891642624869 -0.07957621458674 -0.07648006762023443 -0.20391264150225927 -0.07876633279002998 0.2363906649160625 -0.47372467766938636 0.225307025628839 0.08782662679262226 -0.48248197952715327 -0.021021766527723407 -0.07546224481433816 -0.0922776711896589 -0.2896833715354512 0.2739759389746174 -0.27976726286265763 0.12948635535358421 -0.6389687732945984 0.008271546770995326
-0.08780264120940207 -0.0788647193475386 -0.6236689431193214 0.4371361180683373 0.04326464734181102 0.6112145432356971 0.028154207328321794 0.17878261567239156 -0.2699809762674994 -0.41916171606698804 -0.027462766781986614 0.2883498720023658 0.24502018342956094 -0.15564922816631152 0.3203800482347943 -0.1542946590768722 -0.5538458185594383 0.06043091774766329 0.04537586669489958 0.41200871458104765 0.07927308356309878 -0.3782711130510121 -0.0938957942705146 0.4424720237136457 0.1924962700736034 -0.41168038909099464 0.11843286016927401 -0.17062333053560594 0.40792847845291563 -0.2404542731011312 0.3781035878127093 0.018145410589853365 -0.013572031777373622
0.22294431753269514 -0.16805343353814664 -0.10422384123592796 0.13481623429084544 -0.3531759931071729 -0.07025690953558678 0.1524339675009814 0.01562748229779418 -0.18682477431229683 0.15817059103000827 -0.12710730470027862 0.08276755956000656 -0.08390564257783187 -0.5007400441906189 0.3940748173543236 0.2098629874782405 -0.2140528325177739 0.0885586860500549 0.028963779362877314 0.006007877121157947 -0.6131889360089665 0.3075660006928382 -0.5826355496388554 -0.0318536787921956 0.03912372990746635 -0.11533469143243295 -0.20359984623435343 -0.03460367010350282 0.1405079686502756 0.20601864984698048 -0.1549369950483123 -0.006059324364219046 0.02467200485934554
-0.15333502293800896 -0.3778657698733106 0.1964658463520733 -0.333947085911968 -0.3183405853359466 -0.24495807865984157 0.07149796362573521 0.3639040741781382 -0.18078475189866863 -0.016884640047358318 0.34454508121570615 0.2899140411657485 0.13379705154716454 0.08855689515148053 0.1028027034088668 -0.021042019701021847 -0.13701211148137654 0.2937462752004841 0.33356569317696994 -0.0020311765963286973 0.06436870758224043 0.04774113718921561 -0.2708159419256773 0.06883022585689755 -0.2822011639436187 0.36904581184127694 0.07111410386167624 -0.1546889114821731 -0.03575256448241216 -0.08442876993029236 -0.027585927397321516 -0.30200458018172494 0.01608906544266889
0.04208626461830747 0.018125772345364454 0.03347108518843667 -0.1003623536303172 0.009162917441056843 0.11435329156165878 0.008542064598622875 -0.219807932937753 -0.024582274745627426 0.3048335915915758 0.054686177486233764 -0.09008125901541376 0.4056652245065693 0.19562722030318366 0.242728800175339 -0.0016793957579503296 -0.018227875322536374 0.3074762725290789 -0.2167868889539445 -0.07635186662172153 -0.13908478541222194 -0.08485405623951409 -0.2511776512242984 -0.13970351986014948 0.011319862021413774 0.19705477977967864 -0.15355023675119772 -0.0825326889818699 -0.2803381991143569 -0.575609279995146 -0.13026194405819153 -0.05757645033477028 -0.12001934929662486 0.17583321628487641 0.36780940676706947 0.04940806961134244 -0.4287744061276737 -0.4014423312884459 -0.024704489790794284 0.040737368054997204 -0.259637013724772 0.010394697292869423 0.1316159239501037 0.047136104456493536 -0.03901693270376039 -0.13865027358161064 0.06456420837327884 -0.06732713636571903 -0.2018050986283265 0.08485732449608502 -0.40088603924101396 0.10372706747076138 -0.025086156019650443 -0.14317963805766337 0.30836922144943557 -0.10977945671174826 0.026251540778855335 0.35389750680772697 0.07909085252409395 0.10263216850665657 0.014090309275926347 -0.14751957441576566 -0.024711477634402207 0.008603473606283666 -0.01832643706024384
-0.16443649362834298 0.2363493840069519 0.01994998226061257 0.0028652561435820495 0.1290246809998262 -0.18608793050101774 0.3499177140302218 0.17833044426562097 -0.1555125971057657 0.14457258950619925 -0.07436035543784326 -0.3809384188235782 -0.41747412661106925 -0.11289534951862655 0.004188136116312783 0.20720449874163702 -0.24007833907768267 -0.018235612230503385 -0.06632981277482818 -0.06707976723021404 0.08882438314715918 0.1519883630667083 -0.061925754235647466 -0.03424946698324039 -0.49458705184087914 -0.12078950359136417 -0.11416761578856413 0.11140367633175223 0.13607862851030117 0.012039326102265373 0.3555839416464849 -0.022453352671303783 0.16492465914376234 -0.11368973157983012 0.26697881699240733 -0.21996682957072666 0.05766653898379363 0.0817570129006645 -0.14871425703654184 -0.1893062264585636 0.19749980940731723 0.007727721076249717 0.01942470252570989 0.10944543811033576 -0.12304215653617624 0.02035583418045628 -0.2870730917618133 -0.1669662748903388 -0.32200306649856203 -0.022289376287582777 -0.011628758845134902 -0.006218098537464562 0.20972180042318644 -8.632309378827053e-05 -0.05668384887104302 -0.3140560154260311 0.09721322692545195 0.020532616860140785 0.012458568517398842 -0.05028328993147358 -0.256855172738064 -0.1023678930201683 0.07005042266613093 -0.008121490856287623 -0.04108094860158588
-0.1191260251768248 0.09557943796924497 0.0903296589094779 0.43018688875145417 0.2865137627770759 0.16796993592182627 -0.1070001706567142 0.06659339076137658 -0.25699932817614557 -0.14213385421809868 -0.30633127399271237 -0.019917002694171695 -0.028271059989357042 0.09179240995491766 0.010201060736493848 0.33805578349234516 -0.1931172083635785 -0.06657069852936907 -0.26898234400106513 0.10781172091548175 0.01075110483222931 9.454029697141645e-05 -0.04843844365874029 -0.10092192251761462 0.24235978234575112 0.02302577220208043 0.22851442546212639 0.11514748562799869 0.15561293032793494 0.11604043311767931 -0.06546239803144695 0.122442439654173 -0.0478300508035922 -0.006865226937758458 -0.19665940952155692 0.2904891901618369 0.05202144883939667 0.00887253920281513 0.009320818578612375 0.40255075632951415 -0.1903202916410639 -0.0741754150550185 -0.03111241969101118 -0.15022840763153233 -0.37478028432852095 -0.14233853411108244 -0.1528868260450122 -0.15369864283930815 -0.272415851252682 -0.14076698021914907 0.04453438837133132 -0.2253618592058797 -0.11230972644754893 -0.06842802319736768 0.2812622950732738 0.32962655681089464 0.06748695391919762 0.06984832062308967 -0.12264988438468626 -0.1646314513816946 0.02578756831503533 0.07778292661567641 -0.09841983988744213 0.044151854424466806 -0.05748732375195684
-0.3295355234246573 0.06746154388311863 -0.153771565994036 0.0850255479476455 0.10163376415024113 0.15682083337091918 0.2136676374090508 0.06901481377909029 -0.3018709862614175 -0.15510318096262127 0.022532862145967635 0.0741408150749768 0.014651968023934325 0.10724067681209426 0.19198065915319903 0.053443535938639694 0.2096680353971555 -0.1056332843075693 0.3199474216844174 0.12985832289088553 0.09103701706071617 0.026626686336647547 -0.2679934621358629 0.061075593475067774 -0.20473593511219643 0.06500480653357472 -0.06828135751776979 0.07110188154913287 0.24458195499280533 -0.16549205367222178 -0.0473534862753126 -0.42054864669945863 -0.06754492815924848 -0.019037543140375427 0.2973856091288282 0.10379047799539573 -0.031210612164235593 -0.029686632837548098 -0.037873264134473936 -0.041286880689474094 0.06420878552790148 0.07251832474449017 -0.23219552903721985 0.02915090783228458 -0.1107764153535561 -0.2488503172412124 -0.23574934984747575 -0.2380631724184065 -0.0755760697697902 0.14636258374787642 -0.13437379499585814 -0.18022537761382126 -0.14305613665539807 -0.20026765519231646 -0.3123974276247296 0.09599687445323195 -0.09496936427666962 -0.16188067412136942 0.040944069179758166 0.23223665291276704 -0.03134522900237774 -0.2039289363939919 -0.1774083568834937 0.10017494575412854 0.006129718080987405
-0.1302277311372284 -0.2969363478329449 0.057990864529288005 -0.16940043881005132 -0.42344974050625056 -0.31669391335209046 -0.13280233242223555 -0.1502769858622679 0.039429444368888567 -0.14090314422348368 -0.2195988791252928 0.09251648545976315 -0.4282813353842066 -0.5768095230132422 0.11140361493274305 -0.344253311260783 -0.013989343245007859 -0.18580726027896804 0.10632629501897368 -0.02859954054078439 -0.436397097403911 0.38931882963287356 -0.5175006571029475 0.06771232440523303 0.20982262912599908 -0.2677682499489936 -0.20180632353796427 -0.3754545145687815 0.08131160148509613 -0.2308933195349222 0.00017882227508234414 -0.15276589154364037 0.09873495258056618 0.06784401346538231 -0.18597557130902803 0.05661079196478332 -0.433256819395194 -0.42771594088181314 -0.005613825522471877 -0.254928572686143 -0.19380784706342175 0.04977380065030642 0.01170137431762261 -0.02592669525649482 0.1236060891721526 -0.15745336836145363 -0.022419482408243416 0.10922028915434892 -0.40153977061668084 -0.275583939786265 0.08534705728459947 0.014810036397235965 0.008858202519612503 0.14338897831500333 -0.42056717563269097 -0.014941187923139542 -0.02626447616617359 0.380984695767056 -0.031947894936491444 -0.3013066554128814 0.0005526901596743181 -0.24467029075748029 -0.28691948147867163 -0.12112697724989714 -0.21118672806642078
-0.050282330828404595 -0.03306488012909806 -0.04854810517401546 -0.1416299773915922 0.021697927367129895 -0.22028045540918753 0.40060972130973527 -0.13489060043348372 -0.11341004584302643 -0.05407414841404209 -0.5413781542255439 -0.22804054658845394 -0.1249152264772806 0.4475597568487156 0.051525938369067825 0.19294914727910464 -0.2716470538774096 -0.14422330953419496 -0.10938081125189544 -0.010415420322568906 0.049710191970420266 0.07031493648533649 -0.10418087807419496 -0.12484510150733812 0.2165103644544518 0.02852125227944595 0.14486214027819241 -0.20537471367118074 -0.6075487402099877 0.09762758367883319 -0.2231495670182113 -0.009672828967662394 -0.13638799838574348 -0.08657653115831487 0.12234134742302856 -0.010750098348682147 -0.180662002279395 0.15736503659892914 0.17390464246496903 -0.08799557430750955 0.26359209301267733 0.33506851812938815 -0.07230119741038858 0.032005136350522594 0.21083492028817644 0.3332628717749074 0.13801770269255373 -0.013842682329352707 0.11415634471500921 -0.016691473397173712 -0.19677685604253276 0.1092211679999825 0.033456900515429634 0.06699164485699298 -0.2246759212030405 0.28068157948451805 0.06306159310202618 0.14795447259746297 0.09176920678219741 -0.2624510175184711 0.08603623350384636 0.02784847531231224 0.024548262793200444 0.1178490038287229 -0.009280683065239713
-0.24184780226589025 -0.012605624212930173 -0.23081055760392374 -0.0675840939641192 0.14726494253262143 0.08900706717365477 -0.010464566263953284 -0.1352975901292062 -0.2334711839062473 0.25793570594462506 0.10823215387755374 0.0683096204996679 -0.427437022034512 -0.39448783540154403 0.24556586117517584 -0.3311584262380937 0.12130756949016726 0.26746409677919486 0.07384565721342017 -0.0517952719995102 -0.3674473546319164 0.4395728254592779 -0.08706170080461505 -0.07345217139750423 0.21705257601889139 -0.1281683809864114 -0.12349443937808022 0.2358193837700632 -0.23510077181074648 -0.36033286371784473 -0.2849291123400974 -0.16369511208094267 -0.21939553869592854 -0.018585649834949515 0.13697846545311126 -0.009812920015574222 0.00033076726863348176 -0.16045341543222674 -0.0110073568036554 0.336489098181259 -0.07884377652600137 0.15692919015664442 0.15824604135390907 0.13728174567546222 0.1590735192940505 -0.08415165194117781 -0.3427072334146491 -0.07262989412100415 -0.28295902288453617 -0.10755655130983208 0.12490188361946286 -0.24468136897062168 -0.28987740513826876 0.07310142891094902 -0.10078983955294958 -0.034977375970850925 -0.2752981792637896 0.3315863889790438 -0.04215376849099781 -0.23084373794333898 -0.10184832187366938 -0.41884628488378367 -0.18168748850243874 0.05465599695474104 -0.16151423283674066
0.42536870644171954 0.6805730277980546 0.28866342752818563 0.9990676490157155 -0.23006049583799446 0.02819449812767211 -0.006363282764651377 0.4607047035179106 0.22321261170271436 0.010477214428847552 -0.01805618260450285 0.049991188038529304 0.1565519945965379 0.7404497758942014 -0.10931120329302288 0.09563562236262756 -0.10427773094574735 -0.08076597680070473 1.3752101022815616e-05 -0.24675984455979022 0.8773310939666271 -0.16345229821327853 -0.38761952842096065 -0.054845214230395005 0.290054374835552 0.24468681480312343 0.07142995349433164 0.3648905731826808 0.048714576428929665 -0.16617063272224208 0.5508606874989627 0.23377811335460713 0.08766552941613692 0.11970126980420628 0.2863539956525668 0.014612959982711206 -0.011429987477557385 0.15733570102728822 -0.3352395374296865 0.13644882295014996 -0.4087261467389529 0.004728720325527666 -0.07661171572457562 0.3167994293465779 0.007708586093565009 0.12366376082996977 0.004369887353001322 0.35549981763369476 0.6412406128600214 -0.10042296251486339 0.23936857508051265 0.674335727038989 0.24780954906486732 -0.028037727850079467 0.8928083769551827 0.11156351415680257 -0.22912859009792336 0.2167044919929014 -0.11863060970790404 0.06734156393066917 0.1277588935800599 0.14937991330256095 0.15944177936902168 0.03451547678177884 0.10414227692956668
-0.05983628339208293 -0.15233726199973358 0.1647656759016146 0.1313118493066977 -0.10427217125820296 0.04972334757724861 0.09175008476829415 -0.19250676230384936 0.33447252991932963 0.22248512762656106 -0.10977262625994645 0.19275218996032523 0.04190021136368633 0.07447382581432609 -0.08984007901188416 0.23256560386510503 0.32799697138849043 -0.2522232761132722 -0.2945088931741834 -0.07126330243712761 -0.24739239415084288 0.08191487991434764 0.18697972950160727 -0.2540427141388469 0.20732553892864183 -0.016163916903510368 0.0696149473422124 0.0729689361652525 0.03167608985552788 0.037797529522971655 0.09920815579931429 -0.1838121203604725 -0.019869296244611596 0.06564246791880204 -0.08734143745770372 0.2159712359318265 -0.2964036534796888 0.05171586842710437 0.04843697577591719 -0.21847966924452514 -0.3251696678505053 -0.01612177623587648 -0.07117655568635632 0.13608753733575843 0.09671038442238823 -0.3313073192076391 -0.043831863936018615 -0.236063942206134 -0.301811323798867 0.0953257819387078 0.009435928589881666 0.22642550282511964 -0.07284806803305692 0.06446866646871509 -0.10416110329669251 -0.2551808004521501 -0.1324391759857885 -0.07687184085213039 0.06681535257774904 -0.07880528560708 0.3432456720854444 -0.10284032489154676 0.02952206789184998 0.1848886494838014 -0.002625694845359441
-0.06829616260177888 -0.2626613856195791 -0.04197703718234155 0.03147032267519173 -0.06858651935276194 -0.14368143423968385 -0.2593361743122087 0.1584722191615261 -0.13938493488338521 -0.1849975612670969 -0.18255783083409913 -0.06281832415347847 -0.08915729721127007 -0.04371909433121479 0.2963694519505829 0.15393895037171768 -0.012318238245445508 0.09517918781540685 -0.05087473596316892 0.10936094127840318 0.152093027334274 0.08856391507585977 -0.36310606748989815 -0.020771332306861585 -0.24792336918986502 0.11350891534866775 -0.2141283761256118 -0.0006083939948343668 0.1473076729501203 -0.18515221301611742 -0.027025134869468823 -0.16205006562402932 -0.06576827978215309 -0.34841070665296575 -0.09210600414182513 0.2538434481716642 0.4704783964032722 -0.21500556537749774 -0.28444603062779306 -0.11822109162981564 -0.2074093092722347 -0.1805916978396706 -0.3177898003094958 0.035760088959094535 0.05686626154675944 0.10420622169293768 -0.03854785724149645 0.21764721567697035 -0.4009233695292833 -0.0066436590710684485 -0.04437156010916739 0.021120281502707217 -0.12886109885067995 -0.05028749901556696 -0.3393026389017902 -0.3558057723276978 -0.08139056939977347 0.04913151594014436 -0.11449523540328982 0.0018833399159496958 -0.056165355952942274 -0.053200690356594575 0.08250411620846396 0.10414479315018417 -0.0692666423353539
-0.2336340330548813 -0.2199734566448424 -0.022436947447042686 -0.1425232964339886 -0.0903676242760396 0.018963661249116505 -0.1637684693180116 0.03507817137018417 0.45985512448711413 0.09348821860342571 -0.1662566376600807 0.11758580213400582 -0.38438376278220704 0.33563563308194294 0.0907702010058842 0.02499137314442477 0.21410832024287083 -0.1887565105633257 -0.0017471006024543654 0.036301944697060745 -0.00011373401780729292 -0.12371023376895607 -0.1341379314526251 0.16564878000542438 -0.21996851410121993 0.028842925531207965 -0.13941623488851376 -0.07333380983764712 0.012829157486848451 -0.21931697828507365 -0.08832698857424608 0.14037180316017117 -0.273337429817308 -0.22023920272880915 -0.01830113159289335 -0.19975440263290817 0.11651079196307569 -0.19006699933596383 0.0616650531621926 0.1369154831969357 -0.24393545308905432 -0.4263274796654198 0.03452424066862573 0.06460955141436035 0.2526769928313783 -0.15417127840248993 0.180810441400305 0.06236946817495504 -0.06727458490495912 -0.1565767323863015 -0.057487278492425166 -0.2543241933684416 0.3302357237037822 0.04948678065147722 0.17790011465877217 -0.20915418813925363 -0.2503072092489524 0.2809749320903955 0.06354057996525786 -0.5398760141319785 0.007465378617279997 0.04979106312297254 -0.26666099649507363 0.17199242512729576 -0.1136430913623245
0.12742223339296757 -0.14181921053446053 0.36174933299628215 -0.01764956086244592 0.02881504169482051 -0.08078697580872028 -0.15399923361848492 -0.19218417911674238 0.05006850039539982 0.12089383289784433 -0.060905008813735846 0.009808302153351081 -0.011579110822088966 -0.09235694229210249 0.0651408704235122 0.24669449073087074 -0.2840864460885765 -0.1396287283227246 -0.16586081242410913 0.3917645669678746 -0.052690168243889036 0.0838310604766066 -0.21661802542659844 -0.3516455718270584 0.329870863098593 -0.026771551512144748 -0.10561744885461 -0.014631516513049784 0.17986669701570748 -0.21261215379385218 -0.07959654533643945 0.06356554997465849 0.05179257366507525 0.12856240735394703 -0.07535710629852092 -0.19457253244336659 0.17588170596066652 0.039195616460400796 -0.34771549332416224 0.06794679905877857 0.08102696723915341 -0.31959290660831224 -0.029620563179381765 0.07094317003094437 -0.21999928823155762 0.23367664571109367 0.0853391611007384 -0.059923104321322175 -0.14323673011356516 0.0867549064384589 0.17673501195120975 -0.2784362600639889 -0.06800857604352101 0.024532158125860872 -0.12526892514953128 0.010408159963279718 -0.24580720017188323 -0.045387292679610836 -0.15002960216313327 0.0126008804493792 -0.2161390584453783 0.0704727816352375 -0.07439036545412162 -0.13606403949269402 -0.047382623723703575
-0.24100228225083273 -0.14273896691019564 0.31881667486176296 -0.02072603410222476 0.20635519828669674 -0.1668013495299056 -0.20346159046013823 -0.12095382396885068 -0.1282809913478221 -0.0022891324852694966 -0.22772591376815868 0.029773294472142425 0.16768276213056554 0.017879263069103365 0.06007993411020511 0.0059312627689289184 -0.2378348021480032 -0.01724220868769463 -0.16903260427130434 -0.2410168110931486 -0.024226709668791077 -0.16649683830533923 -0.12616498914627697 0.028572697581485357 -0.06977568666706545 0.13412726515757897 -0.25137396022188363 -0.045705772162506625 -0.12083125636979183 0.1618550772474793 -0.07538835349302615 -0.20042568514192413 -0.13867919868451886 0.02943243246983284 -0.14676580417256835 0.4157865009039472 -0.15474721896509244 -0.180102167048046 0.03792337456337896 -0.16877309780646033 -0.009518499834185545 -0.1334200876215806 0.04680454358344528 -0.13067984521813694 0.06881172513287959 -0.15208407464725351 0.05850437562137309 0.07761714547566438 -0.07138627762418007 0.08293144119280323 -0.3482731678213271 0.018817169785591004 -0.14568274568623077 0.11108904436789062 -0.4162880122041173 -0.06293443032963061 -0.18386304562690128 0.16062453591058853 -0.11384531755934754 0.23041660873136113 -0.021301760861707947 0.1950916867475386 -0.036777065671445494 0.0004178143337226725 -0.006409247578505208
-0.3952383200315352 -0.09213459518284405 0.14169583459416513 0.07237291483999406 -0.1864104770463406 -0.27312733461238237 -0.17957165349411208 -0.014725774017473752 0.19466741191556203 0.08286609998910911 -2.271923231045718e-05 -0.25257704544111775 0.12194067780123351 0.04699953186485724 -0.048843422637654545 -0.021434397621402528 0.2192266269039682 0.0008649972043714741 0.18441955385462008 0.11081061883460123 -0.052087440374163296 -0.07963210167308399 -0.04319234887599705 -0.01992265285148333 -0.07805022913210154 0.008783551558756153 0.299496506390554 -0.16345590146190472 0.1501769274021044 -0.23639811564864943 0.09379178587026722 0.011573096259140972 -0.05615973378117791 -0.23988282501188454 0.1360958257975877 0.2710353057538036 0.03311207670638094 -0.08912827808652325 0.27034636266545164 -0.12196424989869457 0.1460883653201689 0.2596563968052948 -0.1025162711459862 -0.2778424537345498 -0.36025897073690905 -0.03369002229499233 0.2538691047447408 0.0496349139223491 -0.039620646712462314 -0.002481590209762948 0.0001342719828785334 0.0914815263265576 0.03088122695340067 -0.1699901962859253 -0.09807093322107009 -0.13726295257710122 -0.14051736971971476 -0.036568376378532316 -0.1148546444881124 0.128453519598352 0.14945964213598567 0.10602857367594518 0.03754930073625295 -0.1707852539482491 -0.03242423092542553
0.1553359051993319 -0.38472920938208605 0.2286488009162078 -0.07018994811948955 -0.03385191127324853 0.13772823365037204 0.07865505524973988 -0.0994343104177042 0.19970742049928825 0.07732378697771738 0.13662292996032602 -0.04306004776968442 -0.17541756524651947 0.05053643965611599 -0.004118538532379579 0.47577292374813257 -0.07741294017073745 -0.21073227221956967 0.2939309156325964 -0.1664242606285927 -0.21610678555758409 -0.3901603333045583 -0.04962862309365744 -0.12754000064888105 -0.09107595682977869 -0.00739773233719304 -0.3817658184226294 -0.1302300825179118 0.03307179126198095 0.08207569702218083 -0.2508346222902022 0.06697864556299267 -0.08067202245176013 -0.12399880383459855 0.08178095843278523 -0.0009529437423186097 -0.3638669828222577 -0.2287294111825919 0.4486026740801118 -0.2693507756626366 -0.2438546314773858 0.16395458889154746 -0.13958945354844618 0.048894524526052356 0.03421922445831839 0.15462105111506044 0.16544641952371966 -0.2310141936155399 -0.0991063589372913 -0.049124870490907115 -0.0012234702113097205 0.22543950095789705 0.2549105631268072 -0.22531131700299184 -0.01514761100845616 0.1535208994130103 0.10858372398606501 -0.11006649268758208 0.03760417953544221 0.05500656781234466 0.19208243593315846 0.008487693127672315 -0.16327525246158187 -0.11095550524546578 -0.07737905714213004
-0.25246412719441735 -0.0010180374602320901 0.128905556410271 -0.04253871275342367 0.2846394061970712 0.2821329969162629 0.30384649843512895 -0.3475025380153624 -0.1683412418150004 0.06981086019039916 -0.17113891379379645 -0.48207098213629 0.13376570680610517 -0.1291360895796956 -0.28574498573814416 -0.4986708235911967 -0.10957296649252972 -0.45262457135725853 -0.19406755706293802 -0.280905059661374 -0.04286232359392934 0.016847732557722876 0.08293430509773102 -0.19229309975947093 -0.15279118109435375 -0.21203322392397966 -0.17211533195610307 -0.14101882793048656 0.11647060463264963 -0.08330314518003605 -0.11186155244291665 -0.08745934368015108 -0.18397432119025814 -0.20790665227413402 -0.0993958651155154 0.044594484182758486 -0.14461516355484905 -0.030553079136202713 -0.04549703397703515 -0.05629534093781059 0.07722805023032579 -0.021337843802292138 -0.28855378412666055 0.01621432985880919 -0.15884842913737018 -0.1115651091071092 -0.04050167085118143 -0.11205361390027464 -0.3961692563432687 0.02056537288125756 0.2389901970196515 0.07089124080864688 0.11727046366192359 -0.0797873675973303 -0.01124887838562076 0.10007646327440589 0.051252796405449455 -0.02600143708020574 0.3181017656210327 0.1543655180159464 -0.10222259515661908 -0.2727744861165214 0.1422520502913875 -0.11322216514801163 -0.06115684798633258
-0.13900042055091708 -0.12789188215680522 0.04484703772305499 -0.5276296243722554 0.19943902472264605 -0.26783139289518854 -0.10197817592421662 0.1369036483411988 0.1268060036489447 0.4200756164248678 -0.11788504282791092 0.07009211906139741 -0.09673541253705133 -0.3393386681663925 0.33945699255981154 -0.22458304773188872 0.23122222871340656 -0.47086420197274675 -0.34614908593725224 0.12659597797828703 -0.00974949039504535 0.10452416695398241 -0.05636430540365584 -0.0017449050150875026 0.22985960262557317 -0.0643530618499959 0.03403604754519705 0.0905202443335106 -0.0007054886763764952 -0.055657418068640316 0.06705122921636676 -0.028624595388565016 0.26999422372816895 0.08252432396442827 0.3013184196699384 -0.02228285177046539 -0.09381995363794163 0.07870146847887888 -0.026098241886625417 -0.10111197837877262 -0.07982175200933629 -0.30022949389719195 0.07540450276621219 -0.4065582231197219 0.025553520152603974 -0.13316892663505578 0.18490207270307082 -0.22466605011327997 -0.06394435982632143 -0.07164080812223084 -0.17024137970316028 -0.19678226887009226 -0.012057294930504767 0.2386253980585008 -0.03561194229677521 -0.015712949248189202 0.10119648435789207 0.11630594224891541 0.13806706894347032 -0.13246919646924946 0.06766968162130593 0.003821654035255541 0.10867269354126045 -0.10901757992232301 -0.07910601435198635
0.00594479561587158 -0.1103174460070057 -0.39779896381495394 0.002564801382246307 0.14591256288899812 0.0010377363676681009 -0.02017247314138523 0.19628599325176868 -0.4116281896289666 0.3725594390224556 -0.012874914839004444 0.05697504089987371 0.10168876646064372 -0.0952668478715861 -0.055642592667154434 0.06888971929360743 -0.035031415964934864 -0.00424636958451674 -0.08563364855910922 -0.13918713695226353 -0.21715657304876504 -0.2852095037631137 -0.2341969766740076 0.08107193210459505 0.1846962819570498 -0.2263868824374227 -0.09615439220992714 0.03366883913858071 0.318497983109231 0.19675402182705246 0.2485539077286219 0.015562831116721465 -0.3933431836498568 0.10218729337997691 0.12100510694656089 0.24899160858279132 0.03288329150394014 0.021089231785345445 -0.11657844341921514 -0.16918370309459435 0.36146409305789257 -0.22201412265152395 0.042495673124159465 -0.04028144657844671 -0.12690969010028985 -0.09658941693525104 0.04733462713709717 -0.2917215835584959 0.32696491935084665 0.11839131161733177 0.2613514620091981 -0.13833985766791496 0.028317045984982896 0.083579650905856 -0.33419319143184006 -0.18063916582243977 -0.20686062443640643 -0.016994726297109068 0.09955010397940067 -0.3159334355343815 -0.06358837501144154 -0.1564591188169624 0.01176163584742725 0.06805370451937037 0.003355937277158167
-0.12801192523983757 -0.17359272878103757 -0.03662767713467844 0.018578095154860388 0.20296972399135438 0.2607154988357479 0.03622273043591896 0.08534848287065294 -0.11871540246159545 0.255787640336281 -0.11652568377181437 -0.2542449678170125 0.05653928938036144 0.05954436466124926 -0.28742779033677673 -0.12350883889712382 0.30837086685999043 -0.2530040911004499 0.19406273241183036 -0.1807783227477627 0.02161585377147913 0.01741412792772971 0.02199158724546954 0.005115793856277918 0.13702771390936175 0.07882533486736003 0.07359166766867248 -0.1156794731529523 0.23014179547817407 -0.16315007654812075 0.13599280134678055 0.09750120395897822 -0.14629217942675377 0.18047981760584061 0.11823366024977236 0.20052885803710105 -0.08385783951301752 0.19387137126584295 0.1012779060801885 -0.03620950713903569 -0.16837102558014705 -0.01200672242175861 0.008090700266030652 -0.4299519572168723 -0.26614209819007123 -0.2409195374315975 -0.20833161144171242 0.3391713223458374 -0.253571610966614 -0.27289369488959314 -0.11557151992888094 -0.28382811475661346 0.022939375646783174 0.18322879212478443 0.07618469299021316 0.16659812642354516 -0.026171107891121582 0.11259251826002108 0.10342714304497401 -0.20040865867567123 -0.23562209091426045 -0.18495786089156022 -0.13370403362557823 -0.1142823497654443 -0.008167882005188483
-0.10904981166807048 -0.3223886772284022 -0.3585836642680549 -0.22264093722163042 0.001362040012317679 -0.28584822207909205 -0.0949135246789779 -0.22851086651729186 0.3517217044582072 0.06883935783353774 -0.22855657457689565 -0.2663976531868932 0.030305183191146213 0.05292212861235945 -0.05511661696253669 -0.2874043678080545 0.05579349788120919 -0.028888605383589287 0.2578030443504986 -0.300302356298435 -0.38383871714358236 0.18816888712312724 -0.0518279752891663 0.19409831916914544 -0.15042824406483696 -0.16282231908596306 -0.07559859407260941 0.28358443213919776 0.13734018466626796 -0.38744896857631583 -0.18468128876375497 0.5726533761904241 -0.20207304752957855 0.03460458660355379 0.10636614274790883 -0.05653474658347993 -0.27471267431025165 -0.04570743599457807 -0.39329130055891015 -0.22475141774900131 -0.3034444201165315 0.3619904244318904 0.026460295867048865 0.23543164969386787 -0.2186392063190621 0.10105805761572262 -0.1862624701294667 0.0015302309340443601 -0.25939320327815496 -0.10253876956686514 -0.18622501899848062 -0.11571208547001778 -0.22331698379855744 -0.24875160749467992 -0.01639593523700513 -0.24995504054473383 -0.15206386775210343 -0.11885260011898435 -0.08292843728608001 -0.1478790809341996 -0.2509316522261354 -0.1614489056124015 0.002967619807921998 -0.15369243602800928 -0.11183549858293476
-0.027315757105263502 -0.37634205083425804 0.21617331903087633 0.1444062398525173 -0.3017005491609157 -0.11763653723009018 -0.13564324705982264 0.21572051668175315 -0.027091684850670015 -0.17567670010560477 0.02492989047263293 0.031731977756461104 -0.29302729832407315 0.14679122020178498 0.06336513209701736 0.37805475944565126 0.06151189922051946 -0.1981674075448791 -0.22718047655291154 0.15117031469165124 0.2981401077336135 0.17760864356965028 -0.054348453040207335 0.014813591851380953 0.03828534245033278 -0.054620087979349544 0.2770937053281416 -0.0005423216549930674 0.24020278154961477 -0.06405900584891831 0.011997861547357843 -0.1729037386457212 0.22678696789257435 0.07814596571223917 0.12326140680241592 0.019060591358846787 0.21975741574276655 0.03304606580841376 0.046607924713292274 0.06652177458152628 0.16333125416199193 -0.043181329291660825 0.3218548348138576 -0.04475057890259468 -0.1685542063775864 0.06474941002359869 -0.034989940476463914 -0.04562450175411945 0.2150174668364325 0.13176049415435867 0.022444312093787347 0.31834800794479223 0.03409254125599419 0.42056908131413046 -0.14998291095789143 -0.41488044983008443 -0.06907477545315596 -0.011324577445607898 -0.22930443673502351 -0.5547014492421607 -0.3979834254659775 -0.14512647837315634 0.2737162772774194 -0.01769502390636178 -0.010444328186269808
0.4024665614448074 0.4617248324441157 -0.028528645746200194 0.887315992562255 -0.12391497090623915 0.2464551194102159 0.0260395413456564 0.5887968264721104 0.03153006886480734 0.21290437838168758 0.15529125871426117 -0.10901548685990572 -0.1953217138405461 0.6037123948932096 -0.07109885033125646 0.48839486205092314 0.06067797731751467 -0.14392997102346947 -0.2769371188562286 0.006140294900423121 0.6325350517841897 0.21535890417550807 -0.31948011826063316 -0.15263732345299533 -0.07000027864299849 0.16630853513327848 0.08196226975909926 0.08779772089897317 0.12273918232956986 0.11876148552627293 0.3014604618152463 0.19165772539890383 0.0979520945559676 0.16574452378710453 0.1639097218318204 0.12620802656456895 0.07942660204192195 -0.008870317172550095 0.16269097170888988 -0.10124954972434842 -0.3145955987666815 -0.3373985215761267 -0.1812963587368823 0.3779909815776867 -0.11520772260309586 -0.0905135020196071 0.09982331204632089 0.2929794344597871 0.48740978383971595 0.08201474388121541 0.5785041210996945 0.5080039280646803 0.5222583270033554 0.12160677003117525 0.4420985842047027 0.10586960711202036 -0.4505338294486431 0.08031499017770068 -0.22106652468273377 -0.0885246112165277 0.2648776571948005 0.16877638888678287 -0.13669420441061608 -0.10849094920172998 0.05856807719957244
-0.2987844861703289 0.09145162706856942 -0.2529529314281349 -0.04662175929438825 -0.06826042647713193 -0.1609633163322165 -0.14811684012967227 0.1847765094253632 -0.3420871787108569 0.11552676479471424 0.006029397389248946 0.018251289299965372 -0.14915004779856245 -0.20474172482159586 -0.23062500582659856 0.17352308113909248 -0.13670524129132 0.22138651157924819 -0.16633814185511747 -0.1742881231552929 -0.30094806676177455 -0.04013214209141201 0.1631658451154751 0.30919983520709216 0.12229804259839254 -0.16411094481293895 0.01389531069049278 0.07146416150709739 -0.07267721280593274 -0.2707020960778585 -0.0919579719091614 -0.21015046206478624 -0.20311093923509682 -0.1032885621761814 0.22940826512254697 0.06563513574701038 0.12107907786272384 -0.018607703215172095 -0.40026695093047115 0.013848839316440834 0.03366653083420012 -0.49065982273399233 -0.031058280443384344 -0.2784204909554054 -0.27108990958612034 -0.1947835793395089 0.10085862663844217 0.14230906984993966 0.28363115821859747 0.03983532912288453 -0.1815382246943777 -0.09526876862410899 0.030462590075029192 -0.19851355712992516 0.029589976862235513 0.1238514264461497 0.003581507096608638 0.09439960440588684 -0.13539913650100013 0.04044947117023836 0.20039925355876959 -0.11720357450787311 -0.2062991042155897 -0.04703358269678429 -0.008006414944520037
0.15137432899279524 -0.28109730646482034 0.093048325641792 -0.2759788421399604 0.12312693091056877 -0.22245303778270414 -0.1686019821950736 -0.2728164781203949 -0.17698778457502004 0.16685344130763186 -0.418573638174807 0.10229532436122486 -0.15274535464993433 -0.21324042034763552 0.2704127147456041 -0.12714180333486144 0.03701968478007926 0.14125650116610466 -0.14356690313611753 -0.06939237497256064 -0.1447992483553819 -0.10448214443015512 -0.2566212509922378 0.3799110593549477 -0.04052618270587726 -0.0467118630762858 -0.015680509501537696 -0.14102881949707846 0.20813550366068317 -0.4136409816089227 -0.3918905149788812 -0.28099367821101523 -0.27851012588100316 -0.19304290105560018 -0.0043558019416068215 -0.016539028953014148 -0.20280804499471322 -0.1373377382104995 -0.12484452449974803 -0.047681471170610064 0.08276172991190162 -0.0968586639087831 -0.012398197975901085 -0.023511451237609025 -0.20466174868802114 -0.005790839226056755 0.061971997067521975 -0.15442217504627895 -0.28321574104644076 -0.009971467800309488 -0.24046335693461945 -0.11528104756037165 0.0634043798548652 -0.14801688458927562 0.01577020847616031 -0.09722097692598625 -0.13770894171672576 0.021477866235004618 0.03619760010468363 -0.06508312267680083 -0.12251321283218632 -0.1638567634924663 0.03614764373895133 -0.009595494949734164 -0.10394587092955627
-0.3541471788313427 -0.040403152376779626 -0.22367021406890686 -0.06919794956019464 0.18078614687089078 0.44351224841856635 -0.14961750019579517 0.14569598551582094 -0.07267718049384055 0.16264658745400812 0.13962850004741467 -0.058964707362816525 0.051998403180456405 -0.16579811856135845 -0.21923699327379328 0.11713102552600341 0.012718392219818289 0.25960758488944974 -0.22362203544554718 0.3640916113367338 -0.108531584326356 -0.10565154336377452 0.062385088177500776 0.33662575150481244 -0.010843469851862395 -0.037427535975823954 -0.030432874867300425 -0.12160188144807924 -0.2926591953614825 -0.014126513973838592 -0.29368074177647024 0.08109170327042373 -0.050957500163507814 -0.30911073001037026 0.012204733180750946 -0.1046678739617828 0.27850433401218233 -0.1712187348276679 0.09963651791122884 -0.12973714413010026 0.18255942628988744 -0.26287476814820604 0.0857220649486419 -0.16333035519570932 0.1424081332286728 -0.09197465634833923 -0.07947987567345176 -0.27015959114384225 -0.32399880509440354 -0.03279490791671789 0.004798907123064699 -0.1795070419892431 -0.24947479822737736 -0.07439942531008088 0.05857889267993446 -0.19591660398067426 -0.45939922746971984 0.0761827670732703 -0.17670694768857853 -0.12223709681281146 -0.04982717864247872 -0.12078698268574851 0.05805993765740867 -0.05985427257801907 -0.02758131654296703
-0.26055868081943157 0.27597207523133344 0.11123763225392992 0.2776513031375736 -0.026899507223121743 0.20478891382868125 -0.17569684325119153 0.41597849735875214 0.15047637952912676 -0.07872585734626879 -0.06685012639991215 0.10699302916700353 -0.05483057017571476 0.3219811190319533 0.023439131573964146 0.2736783777939902 -0.03001682583476978 -0.054981117196617926 -0.053179864746958225 0.1484304420284884 0.36421555119716365 0.20470890245908815 0.21325924658211898 -0.1803443263076528 0.09068001406635447 0.3092532575540313 0.3264208116335018 -0.17606678212598773 0.0815832456932651 -0.15209038954709872 0.27715394058345044 -0.03192867565473885 0.008930483132159807 0.08086782543689967 -0.2116037956256207 0.08066998774429164 -0.31521067463192626 0.46877920255840544 -0.006758892353094375 0.12155123657246181 -0.4324802958103044 -0.49817594796155495 -0.24705733628503748 0.013137225392616761 0.0075429131766202445 -0.03905242239042329 0.01876623638846855 0.011448297546816477 0.1268161230044095 0.1530581011531434 -0.04483441778940059 0.3494125962343279 0.446097304331919 0.19140137203967936 0.24697082899939612 -0.05782676219865256 -0.5310066904905244 0.05010305642996339 0.11237408412180687 0.054982049815735075 0.27085255346309656 0.12415108818473623 0.14839738610803482 -0.14059167700205236 -0.018615527241656066
-0.2281206390686162 0.13394684668831647 0.016728761950059165 -0.22601875120754447 0.08663395795457832 0.24578441051481678 0.0374469172672997 0.32203092165547853 -0.03305726676766594 0.32027637420153116 0.05715475691750322 0.11573781572661729 -0.49366073448008846 -0.21181307481581588 0.13263454503701322 -0.05498044617124104 -0.031146074088015847 -0.12169902188169456 0.36621039319147225 -0.24741567809570558 -0.2646119280129846 -0.0895425316392289 0.14068117912132946 -0.269422446963575 0.025211585083826083 -0.07907397595730141 -0.15840847548216946 -0.004172848015157555 0.06186797475732739 -0.082015869479379 0.1924774979346725 0.23907712178400767 -0.0722487723321014 0.20477077458278015 0.023119260739288335 0.06325867091274247 0.0166312951182117 -0.20275320883243933 0.2363575140722963 -0.26139851977882916 -0.40793613509221943 0.09206782051043635 0.1800694211479957 -0.07575120323325016 -0.05115322959296933 0.3215364725109007 0.004564271401484675 0.24511891568111438 -0.24724231550263914 -0.04554563657687835 0.01126777450677603 -0.02751540823788787 -0.30757623935282447 0.05090655554518677 -0.36560532490216396 -0.09455362557800433 -0.23874114068723148 0.32151928239575805 -0.1102418700465589 -0.15683222969571667 0.05409001000727531 0.15782096338326043 0.06663738894475155 -0.22278851467496863 -0.0969258227728541
0.043666936190743 -0.04742429818762944 -0.014693951814758821 -0.165724375262774 0.14674664120580744 -0.22482045649561958 0.24449717033372434 -0.29281719238060794 -0.1670836433783159 0.009686147901541495 0.17658394460598884 0.16356228243819676 -0.252406873606697 -0.1686057327875288 -0.15177909142524315 -0.2459825853008236 -0.15896202334654538 -0.23893107646595318 0.19519287856370593 -0.20905831534100197 -0.08694467530330732 0.01812829677298642 0.08570692833026346 -0.20507799312236405 0.055303038637805106 -0.10092780911652761 0.15334472575725752 -0.008316678501264305 0.007410352066307107 0.3367947081627458 0.07192418536196556 0.08549943780897687 -0.1241016946591615 0.11690953004198221 -0.010874471719381629 0.15568912487076697 -0.010075650119659618 0.14519085286168154 0.029012319682077455 -0.29261300860359 0.226609930882856 -0.3216969887103106 0.3063940696189484 -0.051573757720159846 0.0833611147239153 -0.21346461481591908 0.054871564585545735 -0.07769177068614723 -0.0008351960986327597 0.3371374936550848 0.018387030201004913 0.23234545541174828 0.0882373869669763 0.22436218214561504 -0.24412725382045597 0.01809421879836317 -0.3440969713629144 -0.06732204791716873 -0.16572413153304577 -0.025275676032111612 0.015391725347483474 0.056502651253098536 0.09212961446420335 0.006340016049812689 -0.009527664221873669
-0.1796862512483794 -0.10940317457408319 -0.360178742473128 -0.037818888913939926 0.003772659500241357 -0.31267204725514175 0.27230640767613407 0.25487558324687404 -0.0755592403210746 0.011598115421809383 0.023762801488689127 -0.009588640966613712 -0.023334794785383972 -0.21490277980463046 0.1464012405706025 0.21398070965877586 -0.4457504249328386 -0.11485345423294431 0.3881256670183565 -0.40629323293917413 0.093357885441616 0.010086601094117782 -0.05848858604209205 0.17235686162665728 -0.223867283395337 -0.21061422859235848 0.0736451677731625 0.06499578382087727 0.0983864286082314 -0.3049345662555642 0.2571515751296543 0.3894888226213018 -0.13842184829599533 0.42255374742300633 0.047169927319539576 -0.11992050709012209 0.018044185838823924 -0.1349184800089849 0.1639382560167295 0.018728329940178555 -0.015295821004221286 -0.03278446812516813 0.38066597666369345 -0.0902047109678286 0.08115160897343592 0.25046051808532876 0.25564140301153165 -0.3671159469584404 -0.04804392442117776 -0.20081125830982624 -0.3447698003031776 -0.39446372231432825 -0.22557359568878985 0.18539342258647118 -0.05646845983365808 -0.09371960489185284 0.13572451988885556 -0.14067486037795235 -0.21150952453198948 0.156569342640914 -0.13701746457340924 -0.053843832027281074 -0.03906813823375556 -0.12161239089509833 -0.023121508832961227
-0.34155766430533785 -0.24483620724708585 -0.032514300999235676 -0.012329152946051459 0.07058726044874378 -0.1595885234158342 -0.24225400102331657 -0.296837121727122 -0.06816505493480378 -0.0072534529889635565 -0.14518899490523104 0.1004138820153216 0.036833810894181127 -0.17966185294054707 -0.014509442119827215 -0.3380487056750459 0.16395566555752844 0.032684544025124086 0.13430155540568567 0.103990850146975 -0.037854969617588705 -0.1323112121935646 -0.2783140038686412 0.2815093608747897 0.32143275801029664 -0.19960578059171613 0.021863654920638343 -0.017591893353880866 0.23294182480555883 -0.022702315160189415 0.0991096622466557 -0.20577653947329272 0.0263632436974375 0.2664223113490641 0.10770913818307272 0.014341301524316298 0.3325167492092985 0.05323169340297795 -0.20444616659479492 0.02683655700012872 -0.009801397691840507 -0.02129316571349231 0.07062847661603568 -0.25199657040190304 0.0534708872214372 0.02865042818448272 -0.15680517144331274 -0.11309522099171183 -0.13111847743966237 0.08227804772890791 0.11375669324353714 -0.04314392304924264 0.18528986946420414 -0.003739799292196552 0.37760450394123984 0.11089971273783836 -0.11735749045689715 0.06349644137049312 0.0968371638711449 0.4294151414390717 0.052352443159979445 -0.3911783801677322 0.08080581648045862 -0.002501563411712872 -0.013605575288211954
-0.11147248083970547 0.048763623217510155 0.07923708912219914 -0.176499748371196 -0.17249813749355605 0.11596552099763494 -0.007102990888091934 -0.10344291649982804 -0.28994609912681407 -0.04553501738827472 -0.24238597991083252 -0.1738977635498407 -0.12982811877724537 -0.30099284858931846 -0.06025536495470135 0.0866461666145687 -0.15491405054827118 0.054571136676321075 -0.28318359032482016 0.4261254471183363 0.008882402080278066 -0.020566297305012828 -0.05262411634945051 0.11945456642967996 -0.10868728892599726 -0.20140798548863362 -0.1339580583804605 -0.02934469628035618 -0.18097897192031345 -0.06000908278656537 -0.015454808936914342 -0.1915729900706594 0.20413216103373516 0.032783674305895946 -0.08669939437561576 0.16109301917971822 0.2626171189525813 -0.03415732631106631 -0.046259376108088446 0.013076132220891684 0.15523062197835963 0.5112384546277013 -0.041204615099037036 -0.11856597981974527 0.242734743198835 -0.0723156770024808 -0.12448861076363785 -0.3062585991786512 -0.10126260010531866 -0.18151163998609643 -0.1905039916076318 -0.16743248509228595 0.06651919373146514 0.10919107522958385 0.1698896188991701 -0.14327243031268352 0.04888253484961066 0.07277228967200593 0.18856271437801073 0.2772174016040893 0.04941126889665387 -0.0023660436781936574 -0.17171813064751834 -0.06404827583595621 0.0026359536886160807
0.17098037927077317 0.22497063823278365 -0.24783005333888014 0.23324404058524695 -0.38324008707751833 0.3858881743204134 -0.011574616063356786 -0.020488163657745254 0.11731053171757513 -0.14048125175885132 -0.1731936832988455 -0.04317014512597998 -0.31798279906164106 0.11714964268606756 -0.11813495159781988 -0.14126916461501896 -0.05529354516708256 0.27610092840087597 -0.18046406658615333 0.03758319130040244 0.29802188128466234 -0.0862841347423545 1.0672318801195765e-05 0.0015568086623751157 -0.05081286854088076 0.13993505468879994 0.11620952426098421 0.06710868987291616 0.06667288424492197 0.3610080312054394 0.13348560956588432 0.19611694949099037 -0.11632348524956601 -0.16919418562010521 0.17990213476095634 -0.0699866952081471 0.10169305208457358 -0.0014962041746893532 0.14562185512705705 0.16671013900018805 -0.24378000783444745 -0.053205724070355405 0.010125906076099974 0.2143269653652318 0.18932814364728537 0.22136500733235007 0.07123363953278836 -0.2960681783387713 -0.0781981472540694 -0.04243468068949811 -0.15004137208957477 -0.09152097549787218 -0.21006023188674822 0.006204229658389669 0.0009608780769737412 -0.22668506981150102 -0.015628093014952323 -0.18073260112580414 -0.1344715601149506 0.10308045876601886 0.03487554742146868 0.2057696707987394 0.171447352612522 -0.13820383122937624 -0.058465352952047245
0.07393619389796267 -0.07201316962410025 -0.4860248883227522 -0.11404929537771268 -0.5661830955727591 0.1000434014558909 -0.4394950919130901 -1.7103820671553007 -0.012374634707763933 -0.4377246576156474 -1.420805853482674 -0.39086277158300914 -0.1903721099404099 0.09985987907976385 -0.5152506841243129 -0.3655195316824896 -0.2711203955222163 -0.07771431222210252 0.25069445256952183 0.38857260915528724 -0.4124534349356991 -1.688035087742063 -0.32092821496571433 0.2016146905514607 -0.07619044875080304 -1.27742285081076 -0.4527255677914637 -0.09958373905794948 -0.004019822820409064 -0.07755222210571946 0.2511359792720472 -1.0344551107377684 -0.05690392314223976
