1 4 3 32 64 32 2 
-1.5861450422603875 0.09284646990287085 -0.04000833141154472 -0.3755391605740827
1.2388808668587883 -0.8995386039856088 -1.084229536300499 0.2976044532825309
0.32993082918334204 0.10379346815919915 -1.3438973911474985 0.17442071179611124
0.8461957999069704 -0.06536708222603901 -0.04745767773581097 0.07434877652314167
-0.5781483154699609 0.4897374723651531 0.35568398224176606 -0.010345336100264195
-0.1288631948900879 0.8655472418274499 -0.6837154739885848 0.14765024691647977
-1.7274315208603592 0.19131712883417276 0.1454528618870272 0.11211218829381533
0.6709848649807841 0.034391360504884956 -0.16877707270773057 -0.1671859057981787
-1.1721804129923636 1.108195126194255 -0.5808944067368582 0.1726079385902557
0.30885000209357377 1.4820466707165512 -0.48832172893959364 0.0011183790292369714
0.32970260848585276 -0.31877173540724624 0.5383263451301484 0.06928118953538813
0.9055278691898286 0.5452472623380051 1.6347677185599119 0.0007390202912407388
-0.3338775461126224 0.855988718189057 1.056081719254214 -0.03776778439074741
-0.09220286707056548 -0.36391892752024557 1.0780152459974384 0.028746037690375138
0.8537542097916637 0.06967893824539376 -0.7561325935272739 0.038759435474238074
0.6830009146102562 -1.2963800566230186 0.6048894728445431 0.04109809637456352
-0.17186563092341264 0.45837131761674643 -0.26389881558629846 0.11688538673803196
-2.074040777620858 -0.14956245538884558 0.37754703718642146 0.09497472311354375
-0.6231146330554718 -0.8653623378819961 -0.01038230181596487 -0.02890466374458543
-2.212667759690271 -0.7398544061929425 -0.18370153829607597 -0.05567551087983914
-0.8368734572676787 0.4134690265174564 -0.7738891699811229 -0.08813862535658636
0.08817651163786928 1.0374972897345818 0.6331576553291004 -0.20987442740668466
-0.8572271629131206 -1.2230643746923096 1.0244573390024008 0.06430507637661721
-0.38098432442001795 -0.6078520279544923 -0.44782986659057467 -0.20485247389077627
1.0583889785128624 0.9033307087741219 -0.5812030561433896 0.09208417680507848
0.6975902101265529 -0.2394525455289473 0.9707510996818669 -0.19323291060521094
-0.9778317843848653 0.4060712722167502 0.4788939111247481 0.2734211908579272
1.1448908385776289 0.3785536717152792 0.7807391984881783 0.02605104753811509
-0.8137416889334984 1.52019457713248 -0.7823573113387035 -0.000894430117630878
1.1136328799732933 0.9798434764247856 0.04095352415691595 0.2740230098488656
-0.004265236679150647 -0.36039965398836205 0.1325685680343426 -0.04371172673649496
-0.7383810032273491 -0.8872274075509804 -1.5195427092736327 -0.012534757688693669
-0.3251153422235268 -0.3022239363883035 0.20901690067372297 0.1984965121620564 -0.4414643480851802 0.1954685472772967 0.08599798754311239 0.5287622101357977 -0.32459441561477137 -0.010849349283842055 0.11108524616640598 0.0588908877520664 -0.021701857374747127 0.16739036292516 0.0107403272596247 0.08285140561042076 -0.21016005364865162 0.4007587558268417 0.04773049437842746 0.02586282263924702 -0.06336134105123403 -0.03662487645364055 0.31416514681255703 0.07526428029936535 0.27624164934077006 -0.20656478153659882 0.07954158382918916 0.20971427127866943 -0.21335629632071912 -0.1464422568621531 -0.22352059699008345 0.07011598383480291 -0.10902789327113882
-0.5358835897193623 0.3683205178582919 0.3021911694996862 0.2739638439792326 -0.11855661205426896 -0.5256383972533382 -0.22159428999113315 -0.3077267103286644 -0.22768949853731116 -0.10845266460199365 -0.22765532286825926 0.13495368682648345 -0.20486592096257422 -0.16086327740690357 0.14489408101837806 0.09772544968211092 -0.5222025055340596 -0.2534861006731135 -0.2623817619157025 0.0660459481981778 -0.3752102238454297 -0.03237215922590039 -0.0052570863530009265 0.05155020394885964 -0.4726891444711224 0.21880742369505643 0.3179727747226897 0.16603659109295585 -0.19843596315622627 0.1710627903213099 -0.41309173936051713 -0.05567817330752083 0.060244797712944546
0.006841250684581719 -0.17085664691744665 0.27995453406905285 0.01302960497400995 0.024345643532077296 0.2305961754063208 -0.23419814140308573 -0.2447971674150687 0.02612515757621645 -0.16347388522783504 -0.3154913817634281 0.6290712543248101 -0.1084149403832263 0.13533581568674474 0.1193948140583064 -0.34334844391570624 0.3848608939257806 -0.07265842735690287 0.19411829418125057 -0.17592012769423132 0.12491328765863635 0.4677387256217656 0.21075236565723718 -0.007767382646097423 0.16795791656878753 0.36055360880673526 0.03891433770193231 -0.10563225431668712 0.004359352483992229 0.07103634470411375 0.29488819854744447 0.16875560696325476 0.06265655142703207
-0.0686582432532036 -0.4555247889497811 -0.5961544116144781 -0.051746779106170725 0.32944565759239025 0.027980782639507217 0.595065463916238 -0.14024045342401484 0.43880259633379837 0.11689427006331697 -0.10256984072280627 -0.17349363998516892 0.29055863687715705 -0.018280929822547306 0.1510636704636591 0.1510942414253626 -0.44935488035376153 0.3170431322657466 0.12873290143686233 0.25735467536512713 0.4431825749994517 -0.22305413190294315 0.4179787611004732 -0.028908703733717525 -0.4156039446413684 0.2428533149028284 0.6407636748750672 0.037648548039696215 0.3157898335784463 -0.24110877892206223 -0.17758729393039424 0.19063228094091475 -0.09876642930296425
0.18444918852711426 0.13156756921385485 0.31689542223129147 0.06972992282870766 0.27082214517364916 0.2459775359345664 0.23761323411275428 0.04092083497034237 -0.1522346675470472 0.04558899280209635 0.20601612534808258 -0.31013122147887556 0.2750546257860093 -0.31155415155108745 0.4256063797301273 0.4601645941216643 0.20471453487059074 0.760458969245092 0.42377663929434656 0.12417638566672617 -0.45942196151980774 0.177176349222147 0.04024446361098407 -0.22162785778720148 -0.0432828627320832 0.1604688141515624 0.37709358828502587 -0.2846318473946074 -0.32824607930306177 -0.04033710342603747 -0.009059199937283971 -0.06633193217346361 -0.020868209196824933
-0.09848659273242127 0.15908246441598617 -0.1245629420077971 -0.3448748832826136 0.09643794869851312 -0.1030690290132182 0.14056326367730962 0.32362608910770285 0.2795384911115645 0.02844800409528666 -0.23628574221930992 0.004712440881281644 0.5012641038702397 0.08565414176714638 -0.09157655244417291 -0.534669497075533 0.02057841953257769 0.45878803050288963 0.8457158289159508 -0.0231049841788015 -0.0351519839660245 -0.04117818980541844 0.20479308076744981 -0.2742305297882599 -0.3309303831107725 -0.09674004356595096 0.29526481578207536 -0.20699298996805013 0.2735165188279419 0.3347105272015739 -0.4904612965523348 -0.19622170867297442 -0.004408706257150181
-0.11709435249614115 -0.05835206289118774 0.037409351012789936 -0.31821910394768343 0.2821872817101382 -0.35265350210812296 0.23895220257057123 -0.09259611638013067 -0.4398617558727922 -0.16108568869494597 -0.23984845860485304 0.038072483647170724 0.16472852467095636 -0.03972658078179414 -0.5389970786834778 -0.00991773120543355 0.45188094096621734 -0.3490554152181639 -0.1776670576810175 0.09116213129556561 0.008596380493906316 0.1801801178168234 0.011159285149312678 -0.22735971280005948 0.1370569995931015 -0.08121939395094065 0.19749256732644052 0.3073335584472821 -0.07035440165971399 0.6022665585623691 0.5394066738903034 -0.11745873409741966 0.04078166263498011
-0.2972760871465483 -0.247020399039215 0.2742509688871306 -0.045639154875367724 0.5823692959834297 0.04607258345232103 0.5792172508682829 -0.000981233343154201 0.04658406946494547 0.18545330013239147 -0.09289841060634127 0.12978726824991527 0.30431522494865054 0.19002523443873826 -0.23007505025526478 -0.039393784666803454 0.05328079749184892 0.1278539819493628 0.40740354302478626 0.2702028284550413 0.0700642979521228 0.1242075770196172 0.1285001854377332 -0.09985616546428325 -0.0330151661975623 -0.05999024121869597 -0.14507436325803075 -0.360728493191977 0.24353797099087937 -0.043801043429490684 -0.08029164771803397 -0.04537717573221311 -0.06779858324437595
-0.02662195097057802 -0.16712922704248778 0.4428921872822039 0.0660470471011244 -0.26986871769776366 0.38354714217235053 -0.14721655828618938 0.09442668981991044 0.2241491315043725 0.2998531429605998 0.21905938151793844 -0.3240031996521169 0.07682611882300333 -0.02767177498388478 -0.31993910978423745 0.10428276115978077 -0.05139377658738262 0.20335874605745607 -0.43694077694266814 -0.12282068909661689 0.3039625582106395 -0.4760648410828326 0.161225631259791 0.3257996216249751 0.0751676370405015 0.23209080771423787 0.07004240976574141 0.27400684733991426 -0.3426864651389013 0.293156014856351 -0.05638365777299381 -0.5589691698637532 0.04425429959894573
0.22497051118916891 -0.25959091655014177 -0.016715853810276814 -0.47370844982169985 0.2065171185622161 -0.24489262434220016 0.5345649209981133 -0.1094634137146283 0.06448578175629172 -0.06570610095782085 0.06521041182640097 0.09174890856318763 0.36197218623158983 -0.2758166733937078 0.0731557131429665 -0.48002310632865985 0.2855964812863032 0.5059288716746722 0.746044098928208 0.6031359713222986 -0.06719336519351876 -0.033341100516751945 -0.2848027811100443 -0.22959609354897498 -0.6704749682656596 0.08756457547040519 0.22459905359892587 -0.16062631518290693 0.3661675501324971 -0.24098913913341938 -0.18067260266238427 0.16956212700656983 -0.09874590805553338
0.9147770324649536 0.12676541501364008 -0.6396057965708226 0.4447037538005558 0.19757444639143545 0.24080787434624293 0.048370276718745595 -0.13080734100597724 0.2835665745461 0.010579664916721916 -0.24241663313464198 0.044612090827836015 0.21394705988807636 -0.025588463627298667 -0.061328704908236914 0.1643721913345973 -0.20489710110641635 -0.2797266247538108 0.08428989529636503 -0.6760132090716701 -0.07240294185154054 0.6182416472694409 -0.12902657161392425 -0.22625166096594704 -0.03387729772533153 -0.10529463111919972 -0.5247490691782641 -0.24938753647849704 0.17140554275026942 -0.7429622504802087 0.4591224483540918 -0.08605078085736088 -0.2833245077384834
0.400635116215311 0.48154122719160247 -0.16638292698878385 0.08609519114705841 -0.4002136965890388 0.22432474658253446 -0.12057560993000258 0.12946298565782594 0.14074405492841577 0.4358581595965869 0.24546516237971092 0.2025457903299376 0.19874377160636844 0.30694510532578034 0.10985892087217114 0.22352789180711094 -0.3961996268865787 -0.27048896437368636 -0.3200149011481847 0.33284013449148664 -0.2766518846198237 0.026066369735910498 -0.41066748117654883 -0.2637064205997438 -0.011153325184432676 -0.3110813332658229 -0.08695025848218664 0.3239812922535215 -0.2530785096688657 0.3424417617245944 0.11695806325749881 0.21100972006996443 0.08068675192551712
-0.14744944313645753 0.15129469451378832 -0.13525811592831238 -0.19550898890895035 0.06983206179271706 0.4303106812551271 0.09757041605908243 -0.18273752664224882 0.14165635009064645 0.32995378639296546 -0.041367496569074465 0.20468417062576413 -0.5710883791852551 0.1040197077914841 0.478140183058696 -0.21040819873969477 0.013963763964895515 0.4852954707557893 -0.122335713168711 0.6513260270059514 -0.35361801182015107 -0.21718201175497692 0.1590445544687111 -0.031379944175512535 -0.2521916133019429 -0.12058707912502757 0.08666096291212894 0.0423151168147806 0.0454978683706971 0.15886655831456342 -0.286535529533128 -0.07928399045137478 -0.004549236958785992
-0.42659811698377426 -0.7015942441887502 0.032827427706982146 0.06619355140729043 0.20223791056974175 -0.1290855488913474 0.015093086716323104 -0.06460887069248462 0.5979697766090557 0.15518480507426524 -0.32911014095030033 0.04784388081543178 -0.04372764143904538 0.18983643708394138 -0.1075500438388937 -0.017993868022878726 0.5056982810026264 -0.24413494821774354 -0.14963559588391404 0.14611513409347351 -0.37634990101221183 0.3298352816377617 0.3856066508225369 -0.282436326837384 -0.2348195452784274 0.2683604570247666 0.049126101922931396 0.4086322464248601 -0.11039382990979388 -0.20865735436690402 0.14318632969689732 0.5444827433105589 -0.14706228329072496
-0.5260389675827004 -0.27566451220490096 -0.18093545170739636 0.08351520222517514 -2.2571784131924324 0.41644398146737344 -0.3248927516010043 -0.2977805963738343 0.45772029092366984 -0.5146054022843085 0.014576187973506063 -1.2920393666776349 -0.7739885181567103 0.08918810160745932 -0.497270828720786 -0.062224605346057504 1.1245745707959003 -0.10970724670216189 0.5305649566555921 0.36488833097537515 0.24536230639939516 0.23964099912772252 0.2825510616919359 0.09739071952049723 -0.21223745395316249 0.0444223447435163 -0.7287557295759778 -0.3290916602388531 -1.7724002125484022 -0.04231286987874871 -0.14008800702087076 0.1892278602053654 0.0601778348395614
-0.01952303985153668 -0.3299160294860208 -0.2144350217391061 -0.1403940347517998 0.42827377823177 0.4185756083142466 0.726862634288894 0.04789780687315384 -0.2162765332771828 -0.12072128614956505 -0.053532157298639034 0.19059930272678396 0.5036216191797145 0.48243174738132905 -0.15055365742324608 -0.17797958843723272 0.3115848731080742 0.6048376224468799 0.41846956753071585 0.10332835457395168 0.20004956960502557 -0.003926994501109795 0.2157012548783811 0.3145114089550164 -0.15225691715291276 -0.14662563994754968 0.2823775953274634 -0.4027150279182039 0.26149345728402845 -0.20151623475736083 -0.34481132088118266 0.18460177873511976 -0.047382039732544255
0.3428619975632168 -0.45389572526765704 0.01944704392672901 -0.48435777805685376 0.09645649153164665 -0.22903147409661068 0.06800134924629969 -0.21587511872757043 0.41723544347025626 -0.06007168255522062 0.05869031569484871 0.22069606129364655 0.25525970793183866 0.2901567141532493 -0.07581889640516756 -0.6980004812989274 -0.38074013340188584 0.6992350274602089 0.49612575525780567 0.33233611474382974 0.33717193846712007 -0.497712433702771 -0.02671860051609397 -0.4579084024200567 -0.5915609650597767 0.10742639141878714 0.4491779968941426 0.25609614682335646 -0.6577888729823693 -0.6653524972373422 -0.4462937058795186 0.38885054740138325 -0.29294623886241383
0.07263129830441567 0.07252923976421179 0.04293379183072414 -0.20924144755692614 -0.049968613997533724 0.16736461998534055 0.3904507866311925 -0.08120372876821559 0.09353048999467065 -0.22393072827655996 -0.18036515506720138 0.013962677945983831 -0.040124177989217066 0.22535612865552215 0.1266413369851582 -0.023505627158385587 -0.20587954119806903 0.32164702118771316 0.2578779573636985 0.22372942934729978 -0.011693285589957258 -0.6233452984643273 0.4126341900130116 -0.315339887796947 0.12630390063948005 0.1987819476203998 0.4161797945574 -0.13384775003457838 0.1642779564154274 -0.056579974856311596 -0.021620618377643036 0.12613173072247963 0.05650151199779616
-0.28547892891435367 0.04675502248095908 -0.30223567193967543 0.36132611956506094 0.2227505779467859 -0.10758902490590588 -0.3622344694088329 -0.4466241620709939 -0.2758096216720044 0.09713784145102337 -0.5188983117928132 -0.2166170847099017 -0.3515640977446472 0.007640042359702038 0.04218830608049747 0.0542292247727857 0.16273917975001315 -0.7489971386060024 -0.5046094180311755 -0.2031482866873329 -0.12631440141151895 0.49545524443257094 -0.3431193170228134 -0.4964501390715349 0.08551025802726377 -0.12379255271399053 -0.25704072638594705 -0.16471958211276025 0.10467414202157378 -0.016436130157852145 0.318490434183108 0.09744182640003185 -0.0713593234073334
0.15224757152346885 0.04147260869329763 0.3092517885306447 -0.05545889995108986 -0.2600809446659777 -0.0005199243878550994 -0.478420262932632 0.32298620026718 -0.19974832949910276 -0.4449691209568601 0.16935676012079529 -0.3675592278542434 -0.5891705941136268 0.0855344321634419 -0.009261225108811742 -0.09736682995427605 -0.15896821408117331 -0.06938800211441994 -0.41460294555307414 0.5436893798625708 -0.15316734820741526 -0.00518008087554443 -0.2517188933577601 -0.290698097221008 0.02538729358232381 0.4449992992630886 -0.3364275292911443 0.12108858637725549 0.0979794045269237 0.0795546465645113 0.08594094162493272 -0.05506943301239151 -0.04231289773066933
-0.5540250412746937 -0.27122570059322265 0.2905367830817763 -0.09573375402724571 -0.08748191001890698 0.184038300331391 0.1760066592482547 -0.13678922194209828 0.07449578322314741 -0.2408399021119479 0.313348183051719 -0.41128596587010074 0.3457614080912749 -0.13027469936080918 0.18058608962236122 -0.13945885643066852 0.24595260546296685 0.03897829285993651 -0.38463459997821453 0.6415647264320296 0.031902012331174415 -0.025604314182763002 -0.14525389396822416 -0.6722696492214368 0.20000643840929824 0.44730000631259603 0.1829200086734752 -0.37433687090224854 0.35581092845599843 0.07508194713096382 0.08394403945427156 -0.572026546905128 0.028834047898671354
-0.25773569127091966 0.0027603434795016096 -0.3489958261861475 0.7240830042439378 -0.09279515905965459 0.02652354728900829 0.3806252848014645 0.2363259373975398 -0.22757601514102727 -0.23496347995331043 0.0036556216298416332 -0.13790701462783747 0.08945925468123271 -0.06733941440758678 0.14611771625714612 -0.22171672210128213 0.5511581179979775 0.25238198040735055 0.5458830027253894 0.12307717399285548 -0.24956748957206748 -0.1616517989047404 -0.15669081454150158 0.4293365818793255 -0.13315550150670513 -0.09935038641652116 0.175653561874397 0.40189197735382576 0.28283472377871705 0.008899658638117222 -0.04939013596533687 0.40955401906400996 -0.03783052323613898
-0.5347322811733243 -0.1013300654377637 -0.10560087628507082 -0.35085109318623303 -0.10018093233287884 0.24463669816849187 -0.19603573134219376 -0.26427462445916594 0.2563225183017401 0.13390791263754312 0.15278567161524953 -0.062016835229397924 0.23616527523977904 -0.3066247148278356 0.24264231716418125 0.07915516698752485 -0.17420737809151 -0.15482395405986984 0.22390620409979348 0.12293486479561591 -0.5274373417503799 -0.17155709252637233 0.26212532591171783 0.19314421869944376 0.27698554276203374 0.26656201935176105 -0.17705803061257683 0.2155873307296866 -0.2733766216401667 -0.03895059520469336 -0.25178542350246885 -0.19087705539123692 -0.028476947679255
0.07822971873056626 0.04132394412738419 -0.1671703833107697 -0.20087420120814517 0.12247841017227033 0.29336576075811815 0.10695641257753355 0.047530400385131295 0.573133292354174 -0.33523917523072067 -0.09116009466472211 -0.17302998514626075 -0.12960359179199607 0.2929161801784863 -0.003929925380773432 0.06124068698719401 0.2535331276902782 0.003087152367029742 -0.09583793993892124 -0.4155177436392382 0.3932449848600512 0.35914013620735147 0.36057897274227596 0.27226374072258297 0.14888152358075993 0.3806231785879609 0.30800769615629575 -0.06794450101775727 -0.2542472151359417 -0.03413664545459656 0.1432500194114992 -0.06199631210983662 -0.014321383148662043
0.09531869000178184 0.3953331644370249 0.16596752031192738 -0.2129868385963804 -0.2810659741530997 0.3825989516670189 -0.12573365005954718 -0.40429707750228544 0.09102029228530266 -0.5766378066218647 0.10943264074626477 0.10846656970503571 0.568832004300789 0.025764401411357093 0.17783539283458974 -0.28693464606837915 -0.010557700888850878 -0.15043302472553047 0.15155211032947408 -0.17039270399672427 -0.13895538521250067 0.22174633563745294 -0.619626854404748 0.03804787616373592 0.35026783318560833 -0.39902653046445846 0.19311351146429467 -0.19812046368550004 -0.2531060740823926 0.10927816984420959 -0.1131927274847495 0.5043377921801822 -0.03360364107154584
-0.3149401989158141 -0.03818532630047774 0.5695065143575277 -0.24393539726270935 -0.3087357416890081 0.14390156509837734 -0.35203388334825064 0.3197031511166609 0.19396710480392876 -0.2677948051696594 -0.30572287807451454 -0.21506207431154517 -1.07115594064573 0.23714131603082217 -0.09631725309407257 0.3628151892492527 -0.39016770123587596 0.19729480207373354 0.13070446781712658 0.4365343794974596 -0.07820618808348033 0.0026792824746139717 0.1438700277613831 -0.12996061154159166 0.21190738849766286 -0.130706620707774 -0.046307712777687714 -0.281051461867718 0.18322671704982096 -0.28013650500152776 0.2405522888143257 0.016641002661421957 0.02344407601139454
-0.5357411989081088 -0.1731313130609875 0.3272881534892564 0.01656864003086073 0.018881271697564147 -0.12729162542461106 0.16919485700237055 -0.21356792501494332 0.2335793556208757 0.305069821698492 0.3739576557211917 -0.00278147128048314 0.45608020091139373 -0.1973557165504479 0.1260818721903642 -0.15695188605580354 -0.060791367433668274 0.36766417695879605 0.31411484951864094 -0.17111329151121968 -0.0004849157489979694 -0.17620589936239567 0.15448154658440477 -0.01737011982602655 0.24382634625334199 0.322368185087098 -0.4792600143940174 -0.12608235524656597 -0.022921780748021182 0.21537788467321772 -0.04287807113359384 -0.032016069263411065 -0.13148011537173665
-0.3400609454796308 0.38689024106480907 -0.15877630209643365 -0.8162944475754117 -0.28310302865617903 -0.28177978313963503 -0.20733940939087156 0.10015645050585595 -0.3144316117284126 0.10719739646675336 -0.2931726753207106 0.5255482745082101 0.06008033129053155 0.3598814117635347 0.11696342788017278 -0.3459688660995143 0.11854949783090242 0.04481339798408129 0.026669827071845967 -0.04503007018154652 -0.15414796258025626 0.36068888136739163 0.37449641094523284 -0.015995508101066345 -0.23160820062873694 -0.0025462105616872632 -0.0028814092819085184 0.5143910729223147 0.07356575736383084 0.22948420721589508 -0.28750739960625227 0.25970188782603854 0.0360164999495272
-0.24627171560066177 -0.41814455228079567 0.3271572226044338 0.00033731505614046503 0.05733871288820802 -0.10796348145534937 -0.2983593994910072 0.5524709832144671 0.22811086550442863 -0.2514841034812191 0.06330873242128678 -0.20949858359641024 0.20045164522212425 0.21539092300186138 0.020378319553469512 -0.2789146816051586 -0.0842658780035807 -0.271642461227487 0.3890542553693524 -0.442630250959824 -0.08631284867133032 0.251656240284227 -0.10952543968913736 0.17603376698326115 0.03903075736682749 -0.21597864506425582 -0.5796319979450697 0.008652347284711065 -0.35765430093631934 -0.024533695150574214 0.019464136015590168 0.005865975756413802 0.0917518969462847
-0.4331743210289444 0.10035544520036987 0.05724288605767267 -0.351631737053327 -0.8528215485368128 0.18627435809924808 0.31228543034510897 -0.0028741054203982224 0.6105685321219725 0.34173562393111045 0.4250001256983187 0.01533642603994099 -0.27430315852875464 0.414540781882243 0.32113399972195616 -0.11351318201035135 -0.6255794566335467 -0.10237891949768929 -0.2254310449102272 -0.05065306900003503 -0.1245786090431614 -0.2896148189482842 -0.04402496476188744 -0.6705085922933989 0.2801018022861725 0.1672030915971233 0.21007492957593896 -0.024648080565357895 0.046926058196899094 -0.18107187574626815 0.3734911210732868 0.2653683627544093 0.018355658091593403
0.17800821945263526 0.48818326645375426 0.3427934843477973 -0.18746216643723995 0.08806507586554488 0.10038057171947694 -0.18825514008646232 -0.12340528644772997 -0.006159848910753666 -0.24164478538198828 -0.16546493119606492 -0.028528450574014905 0.24989562005407576 -0.2845091257368194 -0.44352066681790664 -0.09912157864966985 0.27733625616478064 -0.04111441257341594 0.1713595414433314 -0.18719702771386101 -0.06931833199376176 0.10485593443005213 -0.05451687187064794 -0.2008558008072198 -0.31108727684839815 -0.3553076342107125 -0.5103183777900622 -0.5655033645186537 -0.441621039772478 -0.2844188282085173 0.8601903960837297 -0.4095591989989565 0.03336686185085952
0.8711556560531976 0.08342178681300241 -0.3757687411772429 0.3120761639354909 -0.41970834523452455 -0.7660470417580842 0.20161893081912963 0.02805294636416396 0.013567964251466665 -0.5603294992378773 0.20735377881643083 -0.21566500505475614 -0.16559086864682773 -0.2243613892705671 -0.7136968222321025 -0.09876652361437091 0.5397958553058195 -0.20071592058289037 -0.13017260453455515 0.5172521325887374 0.026482869257732772 -0.33509613464261884 -0.19791037028440855 0.5153655041366366 -0.05350396411072303 0.0537878517105167 0.31588449219470166 0.21954636648483597 -0.6071844911514894 0.28285731196772057 0.6541860650152648 -0.26033201605982137 0.060745875207423514
0.48384706775301006 0.27805022210575414 -0.1049392677087735 0.3064222430691941 -0.11525207878962919 0.39414129674466064 -0.10113126996603224 -0.11231260147765663 0.4697349774009188 0.09278938080841174 0.3900412029055112 -0.10718462805872517 -0.22895782393046477 0.05063692568411265 -0.1475271246776086 0.017863482416597715 0.21485507505043797 0.40941896952951146 -0.5140938401824774 0.1526021571590272 -0.16452505467691322 0.12159457049299709 0.20242473366513658 -0.19359244780936585 -0.1766450997084712 -0.053613478385081854 0.2711575653321805 -0.12690095722282335 0.7517031588075513 0.1963837563737262 0.02206721329920181 -0.250355118240089 -0.018968238165584503
0.1227762013252794 -0.32140253110455513 -0.027990834172097773 -0.002406612697130884 0.39060304484989183 -0.34463177947115453 0.36585921005831873 0.17601474459060323 0.12969643101311035 -0.053255015352971724 0.019775875699152734 -0.15609257065810286 0.192670581797427 0.35433685160241263 -0.46802196834065357 -0.5142644747224963 0.2866728546638608 0.45179791591115553 0.626862560284084 1.1782740507747698 0.3337317054535464 -0.29952850856741803 0.25174393185438493 -0.48336678460484256 0.14565314078134703 0.13149626572297896 0.07280692428920706 0.15819626946915594 -0.11203906585596081 -0.559857880311531 0.042852736661577635 0.3046699255131225 -0.06053716669673875
-1.2655511233262124 0.40307789113785836 -0.15186348331211727 -0.3486304140358218 -0.9032787478123068 0.04306665202461081 -0.11105854283247878 0.240503990927517 -0.26231575172627347 -0.14817759636533176 -0.25697333324582555 0.2291286161106118 -0.3236372615447335 0.23710786215438742 -0.18220796939423853 0.234586360257867 -0.26500359976822385 -0.010869442656622626 0.3893327398517138 -0.07568715153590456 -0.3901383983233639 0.2714028152653904 0.023126224021026747 -0.0904809418493512 -0.1449108501906524 -0.2514500696477058 0.1478110027158777 -0.1011991322316028 -0.14528517689276693 0.04872125781603926 -0.12453301320715664 0.03095232799131632 0.10576098301958606
-0.23053141965764107 -0.04072428825998842 0.41965340564321646 -0.7660851397587471 0.6713574180293891 -0.6845900036438687 0.9353718003956994 -0.11518456175678587 -0.36869614689993463 -0.3956534198682858 0.07109234930536698 -0.08544427317085326 0.0922270764848136 -0.63949772370184 0.010407647314177572 -0.2588407047639816 -0.28133165571645535 0.8012828896923171 0.39657816775473703 0.2544686577932063 -1.0103944507370841 0.41830354282872045 -0.2514092661833456 0.012872014811589632 -0.07392074115013236 -0.13121890166976174 0.4286969677277172 -0.38091425978396115 -0.07979389663552233 0.32822030261666274 0.46511190184816564 -0.23581739170035368 0.24898846579824746
0.29489143803086576 -0.38227395103781275 0.08807966165282467 0.012537446958552068 0.1508195897548527 -0.44402271352550154 0.4709313034216515 0.31737169191850534 0.3505867530383395 -0.35905786976152265 -0.2116764992523093 -0.19419972899209426 0.30247035980125137 -0.26335568600611436 -0.07626510588662457 0.12378732351198185 -0.17210077220339093 0.11872788330382748 0.4657789839221666 0.6863539547602764 0.5368145610216575 -1.0926150962630519 0.4138570055349498 -0.32039207163270694 -0.09439829393977418 0.030271434299614944 0.004952981627067002 0.16785012392587653 -0.6404086163538796 -0.18135606334636772 -0.08838648859141976 0.198776567335707 0.004408030565763041
0.7929622396420022 0.5348778992578717 0.04914619767515221 -0.323745423364404 -0.3701394268703792 -0.053217630149454256 0.03562428770543606 0.6873284634233925 0.2520905570927559 -0.28719982327310506 -0.10551867135818971 -0.16849647246834346 -0.06478518750774534 -0.11472647458739489 0.032866418980551676 -0.04829150648970497 0.12772920733295326 -0.12580890432344663 -0.09030819989959325 0.19091457857950617 0.2689760947693676 -0.06886586880220531 -0.3186042771249489 -0.019134571642211884 -0.17371862660454393 -0.19943552836140252 -0.1383348759454774 0.42774608117094404 -0.052888015265575496 0.030634706713926083 -0.262065483788892 -0.19041867853418423 -0.1913827075451956
-0.3622782386531085 0.09001773792548347 0.1199268869219263 0.4985533465579633 0.011305406489213212 0.3451770957411859 0.3727233817939339 -0.4431849617284348 0.38034265970249886 0.12009273506477823 -0.14262502039200023 0.6224541480448034 -0.3236001633794193 0.18959938833472847 0.2414877084324806 0.6621375973115355 -0.05840830618887405 -0.44825041764710016 -0.05423746176804253 -0.3264522400053354 0.6931267286187488 -0.2490669808239336 -0.28184836149184966 -0.17509916130735592 -0.1065767400370107 0.0068567454584638095 0.1635420193567788 -0.49064582435009385 -0.27501243516806223 0.2516437046684383 0.041215180588764 -0.018386848980111364 0.15063701750303393
0.12322362021394463 0.06761824514261111 0.12847411173573298 -0.10036255636780893 0.04328274168732187 -0.44843293187169525 0.23027245701306256 -0.3031262294144912 0.47140406804066576 -0.1157557293145622 0.10014699719211877 0.321812527057935 0.033928662810484865 0.3043404239387848 0.11184198268958746 -0.37611261646283384 -0.17637121975272688 0.7778746366653858 0.20438809484238563 0.13262166899471145 0.3162751688737372 -0.20542999859274713 0.27573933423508307 0.020199856277769636 0.11924710009597692 -0.16316790143091675 -0.13870908079690217 -0.6563461794189674 0.29142440128917374 0.08255448773231441 0.076575936763356 0.14092240119371777 0.0030478983496269882
0.09173507984548147 -0.05285920902479595 -0.174863762893092 0.27883150697516124 -1.2535321551565277 0.03504052836894353 -0.22867639601921072 0.5450868315198432 -0.04510056899392682 -0.347258745451886 0.03907439505175927 0.10846736570835304 -0.019325836822169377 -0.09275492378336353 -0.014911739787648183 -0.23594949342877167 0.22005111251250167 -0.1384854447837558 0.132253120008096 0.07928367798822583 0.20537861930836046 -0.43573453453178823 0.13655646623847706 0.3873404681294219 -0.06288097913046384 0.35006859567815723 0.06227361754971135 -0.021355405450622304 -1.2798312310985154 -0.3912077674451921 0.04370341371478998 0.24287210308057583 -0.07979376130090997
0.20584240889590957 0.29461899993497676 0.4205683296669593 -0.12828503039900965 -0.16892540756647284 -0.311752816655473 -0.17303560056154763 -0.2528483299343307 0.17427589552759418 0.11804247784176769 -0.2411210558048834 0.05425012084471954 0.08238582705592026 -0.0967382681899386 -0.19376116687035472 0.021467098339230828 0.13604735982367303 0.2477400166067996 0.08205166237772098 0.06663460158509482 -0.09654607612349742 -0.10619360544857187 0.31204411114593017 -0.06118595028263724 0.34489603602912644 0.3913039822119865 -0.20169018685929302 0.09663799307634194 -0.16516449813137793 0.1715074474379282 -0.03001115199382273 -0.006107236907517776 -0.046037632991605015
0.331323442806767 -0.38880391582248075 -0.3104210194230646 0.36625634723394185 -0.3813469606463701 -0.2629844339032073 -0.04658995920426054 -0.12979131878328845 0.2124587700877233 0.01809180079083519 -0.013266284133450781 -0.061142145184617525 0.25013690808347555 -0.23363122664288744 0.27844828452531845 0.07323889184156787 0.1470819570919385 -0.0069792384475735455 -0.10407532395446209 -0.25591024390678957 0.17999976199268386 0.5149352083159342 -0.3509281177152486 -0.48477188172652186 -0.004562020009631258 0.07368658494722143 -0.21221480516368274 0.020500948967343263 0.24001658624144878 -0.16851840822966582 -0.01539089134460833 -0.02339470840395663 -0.015113512782372704
0.1325586908257167 -0.15445244719637508 0.5982707198893652 -0.5209373954918488 0.13233426000913878 -0.13293192391347064 0.10964348121525375 -0.2995468041042771 -0.12234009787891098 -0.1205509586175015 0.5748877443874122 -1.1925754751489774 0.015935263693802496 0.6678562450203114 -0.3131118217464793 -0.15900936882146804 -0.12925689043012742 0.09695782468887863 0.5273393709941203 0.12450094414884533 0.4124976477829225 -1.7197317041049867 0.29349111064566 -0.40392278284271804 -0.27901549303081635 -0.22254770055230325 0.12938192922427086 -0.4009621356079607 0.09326620682728887 0.19140231496836257 -0.508740093329268 0.31186464049441426 0.028202453973942113
0.2402796290596679 0.23839168789468482 -0.31120611444284335 -0.2380325216595866 -0.29055254717972623 -0.18771226003611632 -0.1402531345873986 -0.03610642138324193 -0.14151277090886952 0.06982434764028689 -0.37443159508316315 0.3441053623202591 0.02585703895927707 0.16430429667993443 0.11205810740780393 0.29525507061299866 0.07625105178761185 -0.08767262311597655 -0.0664777502691511 0.19929295921062715 -0.10560074313725308 0.418212440538359 0.019783140667651584 0.03663058127897753 0.19651123720383284 0.24733858208428094 0.3428994871858074 0.1909050092030116 -0.3827247793534679 -0.29895454547529215 0.0912381003167676 0.015621561313077454 -0.014898867357585869
-0.2545419581361574 -0.011528071092764559 -0.45194902138178117 0.034057487885165494 -0.08539131763232785 -0.21927119323059208 -0.4560024420307818 0.15303140373986845 0.03733665691758625 0.09816188712747322 -0.005942696295073426 0.10345926360260291 -0.0524737069244348 -0.46169193080581583 0.19210443122708043 0.47190933116653 -0.4487188225696411 -0.23641561434271102 -0.10156371903062142 0.14291382875148953 -0.014211484763415567 -0.08884185096533657 0.25518988680781207 0.6040979443131239 0.09210286841023818 0.1849558937820923 -0.2666154232631938 0.14138110630522369 0.14980349789932165 0.3417350923215392 -0.23102297724628348 -0.28764751064271654 -0.05218195555550007
0.01893779226279756 0.0302369927151037 -0.16785227623875362 0.44410969004566886 0.3151111586819729 0.11105072241720364 0.1474327491238727 -0.2586501350791882 -0.21594953954461857 -0.1693829568989544 0.22559292702259906 0.26335421195198155 -0.135390146615447 -0.05279584231286186 0.22826585104353825 -0.03455116228956258 0.2037707658825503 0.09367108511379282 0.4761472494520841 -0.0010210925672672702 -0.253648714292302 -0.021145699708467913 0.13529816863999644 0.3423144880657991 -0.20731306681307954 0.09013673259345108 -0.14450625195505915 0.3175976539242132 -0.3705222391472742 -0.27611663770801204 -0.26786294479452144 0.27569553701474464 -0.010901556621516557
0.19815909830036618 0.4184585721905522 0.11656713387224431 0.04726559726989234 -0.5257190727716419 -0.12738409285383315 0.2831482955866797 -0.29241962808122246 0.19628157720253037 0.5743236490709321 0.11854015080113824 0.1699580256384424 -0.30461361994451486 -0.2767279804993295 -0.021640400885033207 -0.040706059594780214 0.12494693173581067 -0.33082585048503144 0.0954898824598149 -0.4224689214241788 0.11127992641925445 0.01000550362854851 -0.015586253217584547 0.01439785779366451 -0.30075190070592256 -0.4345252117715274 0.5506827247179915 0.20101852281638288 -0.2598119309342187 -0.12020582185762062 -0.3948992569220474 0.1120005476612552 0.02560805931557346
-0.3303339721247143 0.006850739682996753 0.13319029298851318 -0.06453441138450615 -0.07730681270713523 0.14120625179101967 0.02492625960941629 -0.1951880759612259 -0.34089318450908807 0.10761756143654902 0.3220188934089257 0.04133344548835659 0.022922835031583513 0.4684345029676515 -0.09480243871477628 0.05547582762262105 0.22149430494398892 -0.08298580241611238 -0.5688159501820422 0.0926944119207474 0.15684573589234713 0.17759210786218094 0.18035279233493456 -0.7024025103844624 -0.11778823609713786 0.5985223098960626 0.10472393578752148 0.024554601748668484 -0.10581785647123601 0.3538100233798669 -0.18350092941056373 0.3929561154264028 0.016500594658820693
-0.6120348118567629 -0.04070019093874815 -0.2722937461780282 -0.027765201292545685 -0.22303971092627597 0.3372133227412588 0.5128920033306413 -0.18550990555168168 0.05607685437993164 0.16244244451658485 0.023852010517636035 -0.04115315034618069 0.017626409692060627 0.03242824701097392 -0.06934680727411831 0.09024265474641842 -0.04731003094357939 0.16969271818532286 0.07832949415276926 -0.17153320632947394 0.16240667706429404 -0.10148412145920883 -0.1122689449196936 0.06583923986720142 -0.4029632728332708 0.28743071003869386 0.015777912796763337 -0.015397826542033663 0.3470873033938213 0.2558352871936391 -0.3171767006686866 0.6155949854079092 -0.017786752768969533
-0.22671368744211162 0.029099659365731553 -0.04291699750542747 0.024309210393076326 0.029982407506069068 0.030816944242586995 0.5690626559259476 0.01666199502589683 -0.028279845313399502 0.15103541657619174 -0.003005562106919838 0.2785986904839872 0.6172775781693193 -0.7715597225202152 -0.09433034194088234 -0.30707977462681246 0.06542932743315272 0.12470033823677752 -0.4646153432343037 -0.21950851130699284 0.19756040281882073 -0.5020724091157956 0.15033087504163903 -0.24881893429942542 0.07254742587785905 -0.014619296473721944 -0.18917348036143194 -0.20571290831127093 -0.23793519190842333 0.4318077444060499 -0.008679039767070393 0.2051433778813741 -0.04517915256466101
-0.12638229138221446 0.21605659334841423 0.15958058855312934 0.22403292284915427 0.2517940105084011 -0.1733784404158402 -0.3475081108854875 0.040793854954948326 -0.4830397559783217 -0.17244515140703356 0.04923788097790098 -0.19313237696333296 0.44794651414263853 0.19884059796625772 0.1670641589220276 -0.13341360092865215 0.3972825646094015 -0.2605485456299894 -0.3285290641908359 -0.08862084182168511 -0.019067042529670022 0.58510779381271 0.4326431471724228 -0.09056813826124972 0.010562084804539103 -0.0033085075945319237 -0.10478849034569979 -0.4100225681805119 0.07676493381423305 -0.3280077247336633 -0.1538680456355821 0.14945084927624036 0.0069255167582860325
-0.05384803197418597 -0.03101032349960118 0.4514460413707983 0.17923397296161195 0.42858482995688385 0.20164049270853673 -0.214521058208893 -0.32301523603189153 -0.15359700097348195 -0.18535938371592744 -0.04692703142215557 0.929831624947688 0.1362614476706572 0.12565066317923163 -0.19644053432276823 -0.03372324860121656 -0.3047476023171913 0.09866788657968417 -0.28289013026223 0.18444366604495593 0.18317920258339532 0.21859208349419867 -0.11286956012361962 -0.11788830551064851 -0.34436915302376186 0.3170243661888748 -0.05327058379103844 0.12972122216517576 -0.042959912195207985 -0.2940378511190107 0.18577081615955257 0.08611720228154611 0.017599306265949483
0.13875378363297322 0.49125139264124057 0.2878759637377982 -0.12641809965522124 0.11589386995187734 -0.38932907839379394 0.31561023815877465 -0.05494763962251895 0.13211190220403973 -0.10739300841327992 0.1774375268169762 -0.12705537100629005 -0.041075030976313646 -0.23858265548623128 0.3330533906879889 0.3517097599547734 0.02642089562841347 0.36606627779323364 0.09492023931326048 0.3899895144084313 0.07946357803893603 -0.032490124298882025 0.11709449422568613 0.13837187917362098 0.2707848342039311 0.21400432296936361 0.4367087150862566 -0.23861347464587143 0.24526450295208163 0.15798210856985093 0.02343087576448523 -0.14568424965011775 0.028078052923926372
1.263919229407302 -0.9681548053960023 0.14376254569599628 0.39667080235665464 -0.16241862905049878 -0.23355373431798293 -0.2152150114216534 -0.24058201914070051 -0.5163408687423159 0.1666875207325228 -0.14851873085684625 0.003427151760210146 -0.6765997518301481 0.13460943560638794 -0.26727321853692937 -0.30509178720180063 -1.0094178859844143 0.3935438385448096 0.1533051541649698 0.1383054207430924 -0.5228699751416626 -0.06207569288033882 -0.4978314260765558 0.7608334718467269 0.1401919675595713 0.08040351664625225 -1.0975630127644231 0.0278291590544992 0.1042713741392019 0.15591043976372324 -0.2249459494876238 0.3160779190587354 -0.4818907872949634
0.47629166816098534 0.14749403791477905 -0.04536444023328379 -0.37651413064093453 -0.5091193660054576 0.5679200900110094 -0.05979431528033552 -0.30053783721826366 0.30442256654166955 0.11413597599432938 0.027784976136999023 -0.5966890190473595 0.12762506377425833 0.07679519829040526 -0.10781859858700701 -0.12301783451154578 0.0025453796065088804 -0.17031916941562875 -0.026765404589325543 -0.1399341158749522 -0.28723961457753255 0.12527320949297285 0.18554184755647207 0.27282374173566815 -0.12584663982479283 0.21565480859863476 -0.5543655685538925 -0.3802537037107889 0.07434852130709031 -0.2503065525524342 -0.12598261544678105 0.035738030592416196 0.0031298219471063036
1.21037569556567 -0.36097814207543694 0.03617515050447657 0.19899546610927663 0.3852318263830616 0.31222301706103994 -0.2292515888415882 -0.48406992590337167 0.12310063919546857 0.28337440476198095 -2.4574471335465886 -0.3042305856708615 0.2920046942524573 -0.30474041342710223 -0.37839907766365055 0.10419776660715846 0.023586796101540342 0.09756333109496006 1.0351954044134817 -0.6711939376956327 0.6001208595232629 -0.02013420578752646 -0.9536325397788147 -1.2186219019666573 0.174258615203669 -2.153651729264855 0.1577404013429877 -0.8000622514539127 0.2860694357725076 0.046775153413552796 -0.34452822941431005 -0.05542116396609143 -0.18110186092148078
-0.36650781311903174 0.42327086122199836 0.12137138126909366 0.09703585145178271 0.2694375332163499 0.14673437978695344 -0.006614510808588263 -0.3163467949022764 0.004194433289472778 0.4818741247824477 -0.25299645768678836 0.3676667703751027 0.229658495305789 -0.09883247554702082 -0.27076223276917605 0.5991144882734148 0.308319405061696 0.0028249105310333878 -0.195208756675608 -0.21065609089985693 0.05654693727982466 -0.06058092154134161 0.0755844101874493 -0.026942475616211867 0.10285432980002893 0.26189231418152376 0.014610931431456378 0.058044700281779806 -0.0672224150686627 0.040831196797795066 -0.6862623252836278 0.24519089359396062 0.09637718061902067
-0.7757411806680772 0.27919991570444275 0.08147355888562739 0.15071124537972444 -0.26068282943602655 -0.1545337866760063 -0.7838902211746773 -0.05662817837551929 -0.6395870964304452 -0.18675174665178537 0.10369483244771645 -0.41171463650390094 -0.5257071677546966 -0.6008511567250194 0.48217153564105014 -0.15311295939560796 0.17226539342028954 -0.8173920256576083 0.11792339730572184 0.4247371732170856 0.4043044062915093 -0.07853577077910762 -0.2705676004858022 0.26073569263051727 -0.3550031102245298 0.11183389876337617 -0.5806382644834874 0.11664283745874614 -0.3259619159208201 -0.4051152536023895 -0.0727466548501513 -0.22355128009573516 -0.10193581132523864
-0.19383690763414171 -0.016821584367076658 -0.8146297601436275 0.14832885806352852 -0.12386654556543535 -0.7729630136275665 0.5930488807777334 -0.007792203208116778 0.08726532541221596 -0.2708168720028395 -0.34799868217959395 0.14473849895146695 0.24701734443991724 0.31904960327789605 -0.2454079996526656 0.16081365160440222 -0.25128797556081645 0.6127019125593789 -0.10901379343721337 -0.2861393838099764 0.13552246631040676 0.03162335401120179 -0.016882309080417768 -0.5612173361218789 -0.3080646323961376 -0.11196180334576299 0.18729935410665058 -0.05059691658321258 -0.13196644609964708 0.08662213653135467 -0.6808067199468777 -1.458549381876052 -0.025523866838622525
-0.008963483151864704 -0.10819517389609079 -0.33687149096323604 0.035274904977134695 0.4113140321559128 0.16773573814101467 0.34644418601926014 -0.15725045733219709 -0.07124307754878573 0.30605374999410195 0.0011289453370934232 0.5539202596427285 0.061733808124285146 -0.014707914548399374 -0.018340819348722812 0.2778799495850446 0.12635356803939282 0.4570369112936734 0.4770848384341055 0.3266751090116981 0.26483427389452646 0.09127244124194668 -0.01273033445151158 0.151802037208627 0.3037751429307535 0.04504128804986918 -0.17134026637942942 -0.17201003468540618 -0.016993673922037933 -0.1736616797171391 -0.006636714940597832 -0.16537167545158382 0.0294894410647919
-0.18909996665127546 0.34633249194775606 0.2178453930626351 0.05100083008902615 0.13678147203474708 -0.13966802321351016 0.1301758805805073 0.15036196654607883 -0.20938616636551075 -0.44439160669709427 0.04806132569080182 0.3211255182584373 -0.08908759887930327 0.0453010292027955 0.14441116613759 0.11292531918330334 -0.0010444103451020847 -0.40950298987892125 -0.10677422580266477 0.30250030927128935 -0.07131677882955183 0.21958374265069885 0.009310903115471317 -0.32478432006672914 0.06472195489190903 0.09054437363726578 0.43056985301128153 -0.07174071844704889 0.28357801958707396 0.17095709946087964 0.04757358409074504 -0.2199175267876382 0.02595692296332324
-0.28913115281284524 0.2214141506812889 -0.1464148283363729 -0.11649819451794244 0.7316222993836707 -0.08284036190602755 0.13759743408242717 -0.016268637581213472 -0.16949527079087187 0.0974083122537904 0.27553987196474644 -0.3762206163363949 0.35637172746702483 0.25793790238918346 -0.12660981577927288 0.049049542791755676 -1.0197372415069317 0.3524067096349165 0.38092333160563074 0.06366349456998893 -0.7843822193608737 -0.47335857099849304 -0.20848411137548747 0.16614415538197919 -0.24207414664782329 0.20631446226022326 -0.200652030235698 -1.745562979431848 -0.7110631778488896 -0.0010164620077955623 0.238059027369695 -2.098373077681273 -0.6085908186837404
0.4890411562354365 -0.2239345424317248 -0.046435512223455495 0.20387296357022175 0.25746606281529816 -0.17516080953575974 -0.3616054375522539 0.03695546183578231 0.3092863806713024 -0.3844183256532976 0.40445156788634423 -0.29979684035205784 0.06401701071328442 -0.4496175613495395 -0.2018384425128363 -0.15688744770285257 -0.5178056515717305 -0.16969670501602913 -0.4143622722387353 0.03874969582886043 -0.11439728495314658 0.5442266750583432 0.08710741844811605 -0.15761779992938654 -0.18082652710291605 -0.13044082710386978 -0.011981693674812029 -0.26879798458498483 -0.09970153390603642 0.3805651059378999 -0.34330065172419455 -0.11497348111970872 0.07682576700326436
-0.31045599478983127 -0.10998552333001177 -0.19780820160938734 -1.4302553968004659 -0.11140218068122563 -1.0122457346093834 0.10611955116876978 0.27362535648721426 -0.21274953114891768 0.19150095802798064 -0.4960130009342824 0.04862299867314315 -0.08790809511975672 -0.5406388556575923 0.9223540111901093 0.21048945263161423 -0.9026441565161779 0.21696453724974551 -0.19550662886094494 0.3357296701603553 0.06957331720674222 0.10936154023802849 0.0682505276993081 -0.6734616618690744 -0.042189200576166014 -0.0015234905402804037 0.0030297443677397475 -0.3635985502074636 0.06767150432593586 -0.21037222424751967 -0.20499193996838538 -0.9108628955191991 -0.4875366950889437 0.9460457220342111 -0.04443726633374411 0.870093663679564 0.3240244857459708 -0.013803910609594907 -0.31120665222012434 -0.10119963919180983 0.029012068842742902 0.09251059330266274 -0.16877742654030647 0.22733851033764726 -0.12830806777361614 -0.019422748130929705 -0.2107308775356465 -0.26269911267664636 -0.15652348246355544 0.2714344717332926 0.03822961741881285 -0.282302930345631 0.13702912151015512 0.2653681291296347 0.11307987713062315 0.06617619353254657 0.3053319935582833 -0.060849685359228106 -0.42005419756715573 0.32827572719007375 -0.11134537841476465 0.038245164801936835 -0.03018745615250581 -0.2221707111700142 0.045265448385748454
0.17757159686127108 -0.00931252342866495 0.0861654273523758 0.11885799593467773 -0.1987018165496851 0.37105873202727263 0.09881476924198808 0.08748355519924825 -0.3742638982971101 -0.0960055900999412 0.4464436718882962 -0.3141580791495204 -0.1603970658440685 0.1468577904891798 1.4930717173972086 -0.1507427664488389 1.2648584279214328 0.018487437511589763 0.25720462168670843 -0.08052204000007823 -0.4620362446614134 0.2045635781500638 -0.5211968108570262 -0.08669052956174263 -0.2876968661637097 -0.24923150928272472 -0.1696624487729767 -0.245541859390989 -0.1406728564799892 -0.12946810044738497 -0.008496602250739905 1.1035031826413995 -0.16403162765898285 0.42205244157410915 -0.41274269110127426 -0.6615131037377125 0.6713200640731005 -0.3972028044063902 -0.23627813822063032 -0.006158869994174056 0.10695218169103136 0.19926981824277118 -0.2166081910697594 0.9926342277929331 -0.061253960665383744 -0.1795713691639107 0.028822450909691176 0.0066710289329948505 -0.19304635242669352 -0.16502087923670514 -0.004209095443169732 0.09661712062023428 0.25784094888349673 0.02728506974421156 -2.9233940371645066 -0.9013111411097423 0.4852266974432485 -0.13503162869081584 -0.13493333055607673 1.4144271295840993 0.10836277368149715 0.021903918227295847 -1.9673939579687028 -0.327504500079915 -0.06411300198656741
0.15149359090922654 -0.601487634026657 -0.6018527671501488 0.7445017705592992 0.5047127149069273 0.23435603512108816 -0.3339984937518089 0.30397754344291056 -0.10365132263170408 0.8938518056348826 -0.14660342769932702 -0.08593328953355349 -0.03762188785576396 -0.03702303753474114 -0.12823906920755246 1.0190394574187955 0.6358375585173472 0.36720747249899005 -0.07333509809074439 0.10160559630459118 -0.06541517285031045 0.02122678398948949 -0.014069018673799673 0.08467849120690357 0.09367900806870878 -0.18863152889260829 0.061266101534859806 -0.19277443190280727 -0.10688300985859465 0.0687720295202518 -0.018794961093542794 0.22550177878537034 0.2603267104001532 1.0301876271381767 -0.24684799365940419 0.4622010651472764 0.36640635643930447 -0.0784661449144616 -0.22125560728825833 0.5779814845512391 0.13799897890871507 0.14550003605262715 -0.042050997220630035 0.12218030029820544 -0.12793332250081427 -0.14323999703106166 -0.07952696946357353 -0.18123529676501446 0.0751111922547234 0.2652470853344924 0.11124312175880029 -0.06466249195712874 -0.1962897914453529 0.028998973456831126 -0.2907266161965005 0.014526918922593201 -0.07975098345162229 -0.18748809225018917 -0.05438225438014536 0.21442976006420553 0.35261598896858376 -0.10481111216940923 -0.07567803169758255 -0.18500597751938255 0.009016409541935442
0.1348679692567918 -0.14203904789210073 0.0158607988235047 0.2507442161378227 0.2783426766624583 0.2920874465843391 -0.0654968470077922 0.3477477890443061 -0.464087065281133 -0.27314766024696935 2.856314978074507 -0.34350545391315074 -0.2249864604152368 0.5807822335193619 2.4253804856749666 0.15241074757891038 1.2942040772489416 -0.292896111770466 0.2956533138820915 -0.10080146672421161 -0.2568508493457815 -0.24643735128769165 0.058981422314654704 0.38026390502650914 -0.5838678760891742 -0.7791499320122361 0.4175187657013545 -0.24524082464057342 0.020071798401421898 -0.3287852628926881 0.2880501149192123 1.2112204047988064 -0.08950777926694087 -0.09320934276748381 -0.3469467260490621 -1.447020997157904 0.3492622111964363 -0.2959077950523235 -0.15017148716296866 0.39973243060851016 0.37376294602399013 0.14965751132533325 1.0417591761083538 0.7406757140331162 0.168938478534642 -0.21921676596659942 -0.1319543224585097 -0.08076313390349041 -0.1435582353656872 0.07627796526646129 -0.07889579027459674 0.28465515483796383 -0.15211234612125574 -0.44562568490060245 -2.747618533025643 -0.2929969410249603 1.114406560244087 -0.14274064933888847 -0.4088071006602377 1.1393196325543535 -0.02947895871046741 -0.07927221401325954 -2.419731653490235 -0.6241922498964534 -0.14303724387511257
0.0007065765351265746 -0.08840502217516612 -0.11594472062758766 -0.08810010095540893 -0.06943987992430745 -0.05217156854204938 0.2035553922803534 -0.06746243651683252 -0.01636611015311529 0.12101367852242174 -0.4767510763513732 0.3412824954023086 0.03972935182847077 0.2564244901751862 -0.08193676708922325 -0.08710552800725652 -0.25094463685973106 -0.26599224629358753 -0.05866246760965903 -0.18054669986151697 0.37695304736183144 0.10195939452036588 0.09538899638185609 -0.012151757024774258 -0.24607725431002 0.13502144776739897 -0.18141649206806854 0.25488507585110126 0.14185659713163257 0.2087867629508188 0.09665663900768927 -0.04001635121190122 0.018858105311925125 0.09477869942751782 -0.4529782680530279 -0.24848266743309083 -0.08745511387488356 -0.0445035949961516 0.13720832901129615 -0.1835099758308443 -0.08773715186862391 0.06312195078097108 -0.060587886074025286 0.13564890222074089 -0.040930318058585886 0.13699909962554177 0.04248152633382742 -0.1392348404612513 0.12967915567148167 -0.09864375073008905 -0.050714574298961645 0.13616600312589097 -0.07656903213236634 -0.05794994529463327 -0.15886620030223533 0.22074976842609612 -0.04066948874332592 0.163600613479601 -0.0659983859673434 0.0569685109508546 0.23856604354113076 -0.2097429217814285 0.26973298743900015 -0.07120534437807313 -0.03606252375012952
0.28490937493703566 0.038459110945946576 0.09999870760405344 -0.04283581021859654 0.05095891467051611 0.025284550365574587 0.29272492264066036 0.2214353153699167 -0.05545181252736241 -0.036659026971954285 0.1578079620677665 0.14639239571160093 0.02409204656122614 0.22489815070454025 -0.3819743209468509 -0.08792964513169853 -0.23104592879049768 0.023260861469939727 -0.09844618546262578 -0.24621069127158857 0.027929815723232467 -0.05544834016748722 -0.041748014923719295 0.06267433246437008 -0.3389899705895739 0.09438826907916144 -0.027110279232655243 -0.22148902700558679 0.013465715558691822 -0.10651314776713995 -0.7552583152784687 -0.2660065870571951 0.1967530320172607 -0.04885074114231141 -0.1294528818665356 0.07659200829968171 -0.7529952680760263 0.15775190951180398 0.30104762153594905 0.09650029775201104 0.19345481103249867 -0.2516025910153745 0.2564518353791722 -0.16059490696972925 -0.15799148664708296 -0.16793496350560463 -0.1126787685113575 -0.12000897492733967 -0.2231274851239822 0.06864185691909325 -0.05027233699379031 -0.16871538241524173 -0.003636068740064196 0.19839354119095357 0.12309157907900503 0.10237437124212875 0.2555684064103118 -0.016968807218986012 0.0811155882701463 -0.17441952188799242 -0.17046375282638146 0.05396966184258383 0.0019251203432059834 -0.20113734243432085 -0.016496667079035767
0.11224016589337248 -0.1996572494630357 -0.004896880723765714 0.27121658939007903 -0.0016211967178440822 0.008510038914734275 -0.14110901833996822 -0.009348447222617129 -0.2108911423710386 0.4269203190763108 -2.777919046532672 0.07535057311066425 0.1415290326899454 0.41182016814755623 -0.468517817272734 0.27181204826049743 -1.9225071994903156 0.749987334827212 0.0900825480511129 -0.15621580492184226 0.20885372965359483 0.21563914046271096 0.2668922133286593 -0.12674989931888553 -0.05880748657639998 0.3844828262033039 -0.3626243477368765 0.06253334891498434 0.021748934171363282 -0.05999801060054079 -0.20833006950323457 -1.308226116350633 0.11039855926642865 0.3256726053322282 0.515714877122495 0.771161490587412 -0.2101826314870612 0.21820830078500686 -0.32556384898648083 0.6050614057914493 0.5239862477813789 0.0037870381105634915 -0.4435355829683623 -1.4441608214826347 -0.46063496199240495 -0.06608103095831257 -0.10101714946512041 -0.26339453652758654 -0.21374760838235504 0.09650539468179356 0.02788387234597737 -0.32539024293335855 -0.0985674737182154 -0.2161698751467746 0.31045410679825397 0.44878708441054843 -0.31384857625488727 -0.03831585787673737 -0.0017815024095118326 -0.2362737827417755 0.13440939399157567 -0.06723730357138298 0.6899674487863136 0.19953954642878002 0.034797545277157144
-0.3272417666821555 -0.28327219621124494 -0.33521439116503937 -0.10769473278158466 -0.31703301295192193 0.009969388380653092 0.04072889959261351 -0.3774273763282368 -0.06584791421066913 0.12602715910642462 1.1277145759628016 -0.020373446208711402 -0.020319346686266136 0.3689978802869408 3.0611210001382756 -0.2704189715559046 0.26499785612603316 -0.42949399532138066 0.2541497767112189 0.23446041609447904 0.19926471385257177 -0.17359091069323232 -0.11445659891469756 0.04627483859574157 -0.21685113736940467 -0.4856052053790433 0.0007813005035982842 0.05310645681245059 -0.10167467789771148 -0.13598091257766862 0.4128845693845411 1.160299181810154 0.3268499838855584 0.05644938790146181 -0.47991720584497555 -0.21800808097095897 0.39220249206595054 -0.20115298392078856 -0.47475511106728846 0.04789951528674118 1.3451068542224491 -0.0668818735801238 0.3011384351126058 -0.9008535097006485 0.19618148151385517 -0.0613322649417599 0.10308726027340852 -0.2787449061122548 -0.20392403402465153 0.09251356779990168 0.29105253892554894 -0.03569069493927116 -0.5939057755164794 -0.17931763921696822 0.10008377053322702 -2.0717866569539884 0.36284990470813233 -0.3693696450296599 0.054082240067900786 -0.006268384823446021 0.3016467452007203 -0.28029987432651027 -0.15193747217471756 -0.24168278059781112 0.0679259745529407
0.3279523600637181 -0.10074471927237974 -0.24906342878401536 -0.16764285875482798 0.09754585725773175 0.19119848135336803 0.08872950169714035 -0.13458418088621402 -0.20711236158827376 0.13022709882420688 -0.8516956283668499 -0.2519265067940469 0.17416002122406501 0.11713219973103092 -1.8544431913143573 0.231649450107607 -0.222042046661786 -4.400946716929914e-05 -0.13452120138939716 0.0010394752952204295 0.23566061339971736 -0.052744511040032284 0.24328935558256223 -0.36899228570421755 -0.05087520778438953 0.18043710923232084 -0.17726657073629729 0.07597317512684437 0.17171296450454432 -0.09832614565972163 -0.24692794078162 0.1221460680898174 -0.028672180554977587 0.2153184155563475 -0.1066745124981178 0.5160808195777319 0.33999352300783814 0.27312113540576194 0.1493028501702034 -0.08795192416819127 -0.590041325149804 0.01798236970999121 -0.3254197358173156 0.4472771669682771 0.283012290467399 -0.0355217383804272 0.09283132321380266 -0.32724401164014394 -0.08255756020343785 0.134889451216031 -0.11512673935527627 -0.1844681407913075 0.14689707940410865 -0.17176052201344813 3.1423205315351104 -0.14094086366823178 -0.47976171706652054 0.15126093827666087 -0.062391805961487704 -1.7609930971599415 -0.030956973292669453 -0.15254257300251836 2.4970834733454526 -0.10674136777590264 -0.020547193020284803
-0.18678833220198482 0.24655137764682536 0.10497040616294853 -0.08995553866944357 0.027763135074732725 0.1848127330998989 0.2505413355181482 0.5072242800294501 -0.0032946108771541105 0.4858250661563832 -0.9297928675821273 -0.21564170785208683 0.1630727755436587 -0.05388206699702526 -0.6957181896616854 0.0028895017204249238 -0.3889900349760788 0.04384721566950586 0.11343432144022185 -1.2566788368034232 -0.05101820732521588 -0.08152566575842786 -0.06212304457891849 0.13099978511193391 -0.2016856367095967 0.032389461236448466 -0.08670680170414638 0.16236548200491557 0.35235820824511155 0.2760950584009208 -0.07480593784893819 -0.19417587908341838 0.0037619551253934465 1.5384550998621713 0.06755467966795747 1.6568197063555536 0.2888165746805952 -0.08585421313715892 -0.22583364910219816 0.0033557205985132467 -0.23159904237696857 -0.15554546199714495 0.16618522409853145 -0.01997671445328404 0.06750885453562455 -0.013020446433727883 0.08085903794125054 -0.028924526426582484 0.22696945155788809 -0.19589037771012333 0.16675186601306685 -0.0961982006804474 0.2016876488717942 -0.08015576368085463 0.07138904846427066 -0.18395056151310643 -0.15404679317203568 0.12485195545801521 0.23550857441833023 -0.15340717105564988 0.11027862721451058 -0.3114229536986063 -0.22087247194876095 -0.2900254702659314 -0.00022726684154446706
-0.13814780887650494 -0.08486298249990928 -0.09457738499443577 -0.20851439309687803 -0.21070879578468993 -0.10922475297419883 0.08939300790231214 0.16609612822039269 -0.16774713587024334 -0.050834038863457234 -1.4130671857416157 -0.29623778574264514 -0.24309178913007676 -0.29996107251886533 -1.5129258730517552 -0.13338651703805687 -0.0001277611809370054 -0.010194006594861759 -0.28642023126651805 -0.27821552021812995 -0.08190223886346858 0.12973638021007933 -0.03396006052968908 0.07629572571037332 -0.09011613806613442 0.02072157741759786 0.04452483535886786 0.0663113665027715 0.05278921458108594 0.06912590020795893 0.05966570056290341 0.030855534728380266 0.16531310305895341 0.5418772798554444 0.02052677787325688 0.06442960176249268 0.07534458731731813 0.12516044605862112 0.07834856901334716 0.035283625528922176 -0.27602470464171824 -0.22613493352269454 0.19944566273311928 0.1992547130012765 0.14823423274112404 -0.30659127543849884 0.031658305023405 -0.11375431230840079 -0.08334740143273409 0.19845652909295267 0.07487143769893854 -0.053609530849309125 0.039926056408984036 -0.14500889983865864 0.3858909995893345 0.1549581048773233 -0.03921145036430455 -0.26156761059425726 -0.017283921336550587 -0.35339535102348024 -0.15735792256056558 -0.011708666747071711 -0.13169381799188826 0.16367991050074648 -0.0071659797935302045
-0.05605863977863638 -0.07161488576074292 0.062253538107708395 -0.26040917408170616 -0.4118685841667742 0.035947229864359026 0.10800708083676759 0.058033686016802165 0.2711009319875491 0.4882394817838952 -0.14609524156636752 0.27138937234220883 -0.22212406332586543 0.2595665897257625 0.039483900927099816 -0.07170407594036163 -0.10840334646802563 -0.41528819332614497 -0.1933894583231357 0.2550663290125259 -0.4375147687850632 0.045867887162378024 0.25089883102632954 -0.49942144573911634 0.3270845831856841 -0.39918165347436846 -0.13401794283378596 -0.1491028971734786 0.12692806004601828 0.04980935816080211 0.21345141949457155 0.13824540822380257 -0.19626892724139866 -0.01563853676887709 0.27562243916931173 0.10465081837869336 0.26257855557791354 -0.2110447226611432 -0.2197409410766506 0.06560157013583456 -0.04144425992927831 -0.1431597964876211 -0.002163098551167328 -0.02261091251742785 -0.14959798500645974 0.22485329583218608 0.13743714795883802 -0.10163824262372748 0.17574313226781516 -0.013205808072847264 -0.06882195212979408 -0.23990894264714818 0.10973392183036973 -0.22238000533239505 -0.3956393291664521 0.16682107089989862 -0.009841700269243683 -0.07765646814357013 -0.05982974991813598 0.13976478019324903 -0.11986789471240625 0.09455599916276407 -0.23249644010103251 0.3667061285775336 -0.0467807461812167
0.021379733590687802 0.3405009912338281 0.1807181799175524 0.5133847077523435 -0.010116848672516254 -0.3367188389775263 -0.5945919129685135 -0.1525567766441364 0.36132212576828526 -0.6144185674346393 -0.641853451272853 -0.3160913665592916 0.16911138357557481 -0.36927920223539357 0.5140576258147085 0.582441592297473 -0.2894592580525466 0.029950254228988588 -0.04806153967546709 -0.0037919732834498033 -0.16475606624076378 0.07271549631563763 -0.15963684752552956 0.16572411938461593 0.0014341792050248732 0.16883801274444626 0.22101057744819505 -0.3519362554523211 -0.05955937121876296 0.22338681009920183 0.6158769287313598 0.2639610528363673 0.15808470360314175 0.048140456103587824 -0.24383873988365784 -0.12969578565764653 0.444465407247296 0.3401879508292949 -0.23265273284243138 -0.20645519370177567 -0.06893704338548753 0.21046212243774987 -0.1055964640959906 0.06665052120601894 0.19922798142925718 0.2970082288010142 -0.13249914825785372 -0.24053795470948328 -0.26240553059938915 -0.060598679548256734 -0.16454976197425827 0.12515688702219055 -1.0667515292516632 -0.20802194381102718 -0.4649565218515649 -0.024026722795625358 -0.08286134707567677 0.024023773089560455 0.208159586890348 0.2717245372979556 -0.4069387455189638 0.1914242785742576 0.10432691430840257 0.03336438272441567 -0.008246156328790246
-0.27422806316509857 0.30256467091315864 -0.22445297620182164 0.02953659885380047 -0.13717581101830617 -0.007115501714080833 0.011552083810430857 -0.17111070473325704 0.04496601333516052 -0.07441731698000256 0.5042673654042612 0.15303967557054318 0.15868784389039456 -0.20570589271643105 0.20584667919898453 0.0261476090202953 -0.05419996631133845 -0.03579526879189982 -0.11998291455141116 0.11367317424459829 0.2819926985851507 0.23930971626156997 0.020370976355931943 -0.3881961798837327 -0.1158180606773138 -0.10358550543602685 -0.16134636049204634 -0.1315055102297498 -0.17554661299735444 -0.07709251329580784 -0.3489898209469 0.04317966387869096 -0.17606722812847664 0.08615509948580367 0.3707366492828256 0.029448990020457862 0.0494444644736891 -0.35840738812426104 0.11249291769331539 -0.024317808487305345 -0.13468744147067893 -0.02061482109421046 0.1843614986847435 0.16497908218249985 -0.09006570558363802 -0.011386112030346934 -0.1194623390840493 0.09635264712828245 -0.030424757585859 -0.2904513566430313 0.05786123469382211 0.16494315391925432 -0.2253552765286354 -0.15571617745110294 -0.3256874519406023 0.2608631358365125 -0.02865485598011313 0.15809521132038665 -0.08916612901978693 0.4869232568282483 -0.13723608160129447 0.008792157527431102 -0.04997856304740452 -0.007283124137053277 0.10730293571967112
0.19613303336759585 0.1381312044080138 0.13583283889196934 -0.1331942922673544 -0.2349481257514149 -0.2807092173069348 0.09161545570183609 0.006411488846745629 -0.17581896611066716 -0.45868981450350765 -0.3626340702104646 0.02790628960097012 -0.014866904090035283 -0.23854928715849974 0.0388577382988412 0.23360765344015325 -0.0024327293034701186 -0.09124320060308477 0.04206672339215901 0.23608099543883848 -0.054741131678395366 -0.08673574120499666 0.0289374027125454 0.3163085776458455 -0.01205591675709826 -0.0052618411240591585 0.18226540495572385 0.12733081329848392 -0.10597807423564025 0.36561128878213445 -0.2741852957354484 -0.23723770232766525 -0.1195101523606659 0.39114331762506843 -0.07407192856120082 0.3086051331353588 0.23921525136367608 -0.022404428105038707 -0.24033208810689352 0.3638479093332488 -0.061185825268316535 0.2743634319075723 0.1401292304423523 -0.15005969356420745 -0.011534786717351192 0.004996841059391608 0.08582954078383301 0.053673154259790155 -0.0075598788504698065 0.07312761298301677 -0.014312306652785262 0.2150830329278229 -0.1510030515132139 -0.07636675679168256 -0.17758425290814997 -0.23238778455525896 -0.11127591677726126 0.08693725999230155 0.2684455307426957 -0.1468231287525665 0.29269969690280745 -0.05144050713685442 0.19625237918146413 -0.0033036325728747263 -0.014286748810759135
0.0037008624845786373 0.123229946429593 0.013121603489641306 -0.24669801016493528 -0.14778896548426984 -0.04132330003975395 -0.18736381181415537 0.13811081528914665 0.002468175438043625 -0.20579773698645523 1.3280009668942647 -0.5052572333837551 0.07732669066802068 -0.017993934397317366 -0.14604009542890783 0.7958469363974222 -0.27441905556499735 -0.1489547546383591 -0.029300564984267943 0.010995201764333664 0.08320203886362752 -0.17223501617944187 -0.41292329845977727 -0.07793963089334194 0.2991806211779658 0.15018771413474066 0.39023914445237057 -0.14469441461787724 -0.3318299429504616 0.25310349181279995 -0.06244882402268429 -0.2326600723502952 0.1680261298701016 -0.6664564929992596 -0.37359970081767 -0.19115690016732534 0.1783072296820402 -0.010011662379225331 -0.10198618484573635 0.1212701753260527 0.020151459230029103 -0.10998512003473765 -0.2697821175316518 -0.10183181327628459 -0.19446553330988248 0.09731217682478856 0.07527388127436571 -0.3675154749972614 0.1177316245188086 0.11035220349120409 0.32083358785450933 0.2282147480143913 0.1732981821968926 -0.0916608872210137 0.026794061119762614 0.229155318380584 -0.04981841000004928 0.09347554153987486 0.18400854978094736 0.11414247113371837 -0.19417906623247264 -0.23891925890986687 -0.136448542358728 -0.3527354574292799 -0.03728751818624899
0.08020233688212819 0.09719227877853721 -0.0883102109087097 -0.4633605005131707 0.20888464087171063 -0.8626677503646717 -0.06455420875148817 -0.117301561481192 -0.003868195774611961 0.11383884506327198 -0.060604826848551674 0.18470079381990867 -0.045449429578023455 0.7354814676411032 0.15860036276711129 0.20416754171072848 -0.3602894727969906 -0.019805007074698948 0.03928132599971772 -0.4176771084432721 0.18985064854366882 0.061505660537645834 0.12022653579842268 0.12992678593604826 -0.2043204557644523 0.10915209908809222 0.08923453478438584 -0.07304564821598761 0.2392485265865471 -0.061872223657559705 0.03239740898773506 -0.051805261388380645 0.023278711532580834 -0.22352213238933294 0.3959018047200948 0.039712929268558204 0.198074826411186 0.1903027131733942 -0.16171453703293764 0.004964857454336809 -0.1754294677770798 -0.15694253510104508 -0.4367441357375144 0.08008541953528138 0.34618249408705565 0.0007929360895736072 0.05058370505018161 0.15224182431545272 -0.06536727514281311 -0.22356233631429212 0.36296167112212346 0.16127657355270092 -0.16973340500231723 0.2779838262403166 -0.05779557680923941 -0.057130310234424414 -0.2366617883045396 -0.24390643903772416 -0.18893327005910146 -0.4525249929393408 -0.29760477369646715 0.10392465388126115 -0.10177379468772896 0.23183817841234206 -0.034543735706868486
-0.20146957867247356 0.17168966218427031 0.27835895241725594 -0.1416415410427973 -0.12758097938706248 0.01778088256378368 0.16366910697491352 -0.24362628132110586 -0.25466837013197685 -0.28912789968960395 0.1490285600210669 0.1441564775299319 -0.1704589778593976 0.03603669560424643 0.1977299766440884 0.03462934588914777 0.10203555800717183 -0.05064846684204688 0.1180346160514218 0.11521271139115817 -0.022359499265346163 0.18126120116500236 0.03274356393195154 0.088059023284825 0.18004093649356337 -0.2811107449058053 -0.2721559871158538 0.31423123869366043 0.014363402752053795 -0.08674337381885468 0.10773102062195816 -0.019755329321581413 -0.26955603995274563 -0.264586031053872 0.15050181248638814 0.3473404951197463 -0.13484296425933084 0.20145763919994267 0.11504796558184414 0.0033467905344081754 -0.029473494251154114 0.11312199975151539 0.3594824653312759 0.003938293685174447 -0.11236672829278012 0.07280470509154492 0.20028301840554716 -0.2728664684196894 -0.14945034718659436 0.1966434901284132 0.044489008922935724 0.1219111470683818 0.3461052665032078 -0.008154410228470854 0.0034115486058601463 -0.08418225699570489 0.3415358917371171 0.07798379340037963 -0.15748945088334132 0.017393433277542062 0.321682053027051 0.18344584819228227 0.11063461327926818 -0.1431222158294227 0.02639854295380548
0.5602931941735481 -0.0994530240016963 -0.2081956102824638 0.7247640298003878 0.1912012837117519 0.6260667379046531 -0.20795099110408347 0.5243719442831333 -0.046770909682821535 0.2623364388476629 0.8894730316513136 -0.2901956750616408 -0.1642745583494101 0.5489349637663197 -0.12994941468943838 0.46304719379683695 0.9819196706189948 -0.041782330002945164 -0.06893706935137565 -0.19470382414197476 -0.33579478129592594 0.13652513291685983 -0.01534923995200331 -0.2097786231071673 -0.2610257360001421 0.06271006484786233 0.3656912166696758 -0.34024244778382756 0.3676018469931434 -0.30586234313835 0.3346580594409341 1.1556212841922158 0.2270304646399294 0.6822509676694619 -0.36014911095035407 -0.4815544222083815 0.7429738746440508 -0.6578608951504538 -0.37100469923706453 0.2969858249354055 0.021770841211686147 -0.1175115720615387 0.5022041147607474 0.7169344759681673 -0.07509077108956227 -0.12330041194604509 0.3897943372189449 -0.32042474996731624 -0.3475969710421257 0.14089497077040705 -0.13321046084617413 0.10615233965964432 0.06371531694140947 -0.06240197818302932 -1.9150192103612578 -0.3655217517104395 0.3132220175510854 -0.6236950551064393 -0.3185994306566069 0.7724144312318922 0.1571552702365582 -0.17745681654448797 -1.6115593284656353 -0.2577761671284229 -0.04732929318516711
-0.37747520841066307 -0.1988834865794935 0.08933985815844478 0.2845869518407161 -0.2808461221474418 -0.02971490675976968 0.6051494931323815 -0.0599063511649512 0.25069660475431227 0.3874597423577028 0.15933936132893667 0.0823746832412413 -0.07562802629016446 0.05058095183139234 0.2839847788416209 -0.3867560476978143 0.2938915028843217 0.34565400063042 -0.18493687025119387 -0.23000918419477853 -0.025218597971537984 -0.006455568871881384 -0.1396263509637553 -0.18684915014322828 0.33559105026853525 -0.12054041438339687 0.12660582363190473 0.18224212876473705 0.22328331386424755 0.018254246865933785 0.06051103779782606 0.47461171005709574 0.09031549519108642 -0.2192169845422694 0.09473240511277148 -0.31978768070242314 0.1559252606865633 0.4034718862248904 -0.2561792454736269 0.2193053839838546 -0.015687451859114056 0.14234815626517175 0.11324323773723402 0.24207029488861478 -0.03695518093846835 -0.37865788910336257 -0.027252696131018203 0.05264384798685257 -0.06093221137341578 0.08530927893476926 0.14281459819924797 -0.00986541404453555 0.027607358411356933 -0.16906032896196804 -0.006525711258433271 -0.17714242966970065 0.06960008937305216 0.08910649835156335 -0.01680896165096095 -0.5357203836398029 0.25727278922933533 0.09959533033737297 -0.09981380075912127 0.005536004668280019 0.06422396022993909
0.004026015644279574 0.002111271152151509 7.786003079831261e-05 0.20116885251436822 0.41276316514233113 -0.14472380110611247 -0.13356551519829457 -0.25832320828523325 -0.09938887618583678 -0.2939131160218375 0.5198027311609179 0.030685046208473295 0.012911450666725608 0.04536094628756301 0.14836325167504164 -0.1305107686766087 -0.39140489307961557 0.18615560903791675 0.18266466272486534 -0.1586805929103874 0.22647456046145872 0.011086935279097265 0.051639092959679965 -0.008016352959290445 0.24764561578552532 -0.3542063158625986 -0.32107746416339944 -0.030087295725539233 -0.28146500863061263 0.2591568422849197 0.37395718748720735 -0.00014215019356645801 0.05869425215518132 -0.6145908604338975 -0.1814860272827823 -0.392692730879289 0.021506564568716337 0.010485841558505073 -0.24654522419773386 0.17925375882881633 0.11447521730051685 0.11592895333418991 0.112501975437034 0.020103148432871448 -0.14760303197980118 0.10219195218134007 -0.1046103859051609 -0.13029712705728402 0.002009696752219765 -0.19017092887720305 0.09784230793010226 0.09719326637115694 0.17343065773427868 -0.496260878700029 0.10802146693471405 0.25788002293722434 -0.11985406309615305 0.029807625662694896 -0.11698694365299292 -0.3551625052231053 0.06522834761070044 -0.20487632334960496 0.13651817388910614 -0.11365346793118054 -0.028490335948558262
-0.3101516453312458 -0.20797235567724248 -0.12808795544865295 -0.060491122151037406 0.3781451468814477 0.004099940120010841 0.1385134060138672 0.1987621503508272 -0.06837786292365984 -0.018361096088602296 0.20638380388608488 0.09391431840024207 0.14480722780672808 -0.12761856591737103 -0.3027078878053226 0.48256232485897743 0.2949608813877792 0.22010622404068794 -0.04450058146700999 0.027932794793018644 0.005372715499495047 -0.277453602511223 -0.14394655030630155 0.10213233205897676 -0.1610634250909083 -0.11613145149113266 -0.029648270748188738 -0.19312707802575987 0.2354344887524859 0.013427670433450684 0.16849476847191852 0.057561726828365814 0.02118915936115295 0.4482735000696769 0.18022168673469366 -0.04492746428130662 0.545420552833495 -0.28189958021667444 -0.09996852599286717 -0.08338217054007815 -0.15324817794334133 -0.0586242206169206 0.05188872067004212 0.1818594358926344 -0.020245635858989728 0.07986605591058427 0.00334713720828805 0.21922459649004672 0.031619098214017795 -0.1750195851466851 0.47529867985298685 -0.141988648465601 -0.0828927326954534 0.12716976161646648 -0.0025122839711386657 -0.03517142336893557 -0.05986284268575358 -0.17944289213864478 -0.4019195432662114 0.07714558649948712 0.29711725877192546 0.008339480953367596 0.12456477812139602 0.02075713248872067 0.04842021489990267
-0.04552724801971114 -0.1380754310333191 -0.2129529530511818 -0.1908053226466042 -0.19562496724549186 0.29460895654772806 0.07772209749614649 -0.10412671038205092 -0.04082541704950563 -0.2480461050653399 0.1916686417063055 -0.15782861585131522 -0.18151527807526516 0.121884688213625 0.14987491236887526 0.15209851505476818 0.2440686942320595 0.16087540938854397 -0.08184029814023781 -0.21043107877753933 0.1216949121978445 0.04864303100360018 -0.08142174816055212 -0.02372143532009215 -0.27355394783111286 -0.27100365071187477 -0.25904393629929984 -0.0954423770040012 0.11987018110182546 0.10348016341504407 0.21130979952333162 0.05320938056659534 -0.30615832804750837 -0.019723290683142932 -0.2698563053137876 -0.07453792360562018 -0.17627393632042593 -0.1693073777069557 -0.3671241066346653 0.008875486917903698 -0.1533286299881785 -0.09301198179813913 -0.26293552289882555 -0.06134905255057568 0.027823602398886867 0.021467526410074513 0.03489232876028114 0.13419703690232707 0.05925629511063752 -0.2968218606478028 0.03886116898288306 -0.16122730772686303 -0.075313495575194 -0.020633597794782837 -0.5537513899137262 0.1420952563868769 0.03329815723636493 -0.1361575690034848 -0.3464327560962262 0.130928060000279 -0.08854546137524638 0.19279048317142808 -0.09688770377893045 0.03652048762499235 0.008210703156771483
-0.22077040609241508 -0.13376744620592798 -0.10603929930448397 -0.18836767381814626 -0.01744355712791294 0.22026306486617495 -0.16367386012760504 0.18360894101645106 -0.201535978435566 -0.35931485616274933 0.2991522840088568 -0.1612853775774156 0.03931075874918037 -0.005275567545166481 0.15935068399518862 -0.10772124468263261 0.2902825626431665 -0.14810132111941945 -0.18876823566728818 0.209937199856866 0.1771195900089428 -0.1065857701653425 0.10458742255921702 -0.4845880637296838 0.48708752579153053 -0.03221900778553752 -0.4919838381640498 -0.04692897038895033 -0.015050567094552054 -0.1981733674603503 0.38483433312487625 0.06264548299569199 -0.4370868905335394 -0.398164686782836 -0.034574461288400034 -0.33878101656576626 -0.30298486673318753 -0.17270245578514767 0.20322508089357 0.24833158327479093 -0.10432338395806154 -0.21558624359614206 -0.24777062258194657 -0.31483966554354403 0.03793445911641488 0.12744803840101787 -0.20203863591171625 0.0032739351919342506 0.25031505193362574 0.3685783794049215 -0.17096710187910744 0.19848957134292614 -0.06568066143758064 -0.2307672397750598 -0.04772059919829449 -0.2397440428850884 -0.24881595914986904 0.08006153229709362 -0.251618983963872 -0.0012125161822046737 0.15291087133885098 0.059946939827183306 -0.037631467664192744 0.26732677489069145 -0.015161288699511248
0.12488602984914138 0.20140938818308105 -0.24279944290027697 -0.02114928292745535 -0.38457571484997144 -0.3180271049096945 0.08019401090256105 -0.1945617386920491 -0.04007600623356376 -0.5053647652034449 0.2925028188414705 -0.33121766928284213 -0.1785299313789162 0.0680205519957429 0.08566488015154274 -0.22246096264605755 0.2176254227253878 -0.23271830047543887 0.040272239995013275 0.45152535554427786 -0.016628672179358487 -0.14142643199762991 -0.0576130682524344 -0.3783253160962811 -0.18215916317435332 -0.06775089799479533 0.09053294508246505 0.04496203591232743 0.438214816959708 0.061816894472477464 0.58690740618348 0.10918505357850052 0.16960138221750568 -0.6689866586012535 0.2707930077511192 -0.9614714647193715 -0.7037651351438738 -0.37329809559788824 -0.2799492280063967 -0.19390813255662553 0.15582185955873612 0.05392713876421295 0.07344586307524778 -0.11453572122374166 0.10826242202996798 0.28972915429771584 0.004883864542528632 0.010919530296267188 0.1478563039926259 -0.2608365815849305 -0.10007069136976825 0.12601649371204746 0.016708935063309952 -0.04930953524382874 -0.09129911940033152 -0.13685578436297371 -0.26994963524643933 0.14092513971974527 0.01898160554323058 -0.19492074888163377 -0.1110447025521569 -0.14766806263776452 0.2529432517212407 -0.07061897162003672 0.00822039560758616
0.5412162166943195 -0.13363406526619395 0.029506164344099174 0.1458447118571104 0.06837407044831462 0.3986719717820571 -0.2704199745182164 0.39518344724496063 0.07965932196510536 -0.03173184881554541 2.325803544904452 -0.3807936721425284 0.10395834896358555 -0.10841823290192024 1.7067274313044414 0.1048224008183222 1.3021633956451957 -0.20936814671182255 0.3416015790607406 -0.12906507911796544 -0.21401066195324314 -0.10760238617357296 -0.4454531917736667 0.08659897247542175 -0.2878886088017079 -0.20267202624708885 -0.1343888951803901 -0.09366609604200092 0.13855994949808423 -0.12672266142440336 0.5136268557436741 1.2549634572506352 0.24788015622655224 -0.05080892932296638 -0.4802713780762916 -1.0907240198707047 0.7022006979853133 -0.2478699578948092 -0.09039422259171506 -0.5122531761662459 0.2792340209995609 -0.23928888214372 0.5686724507938807 0.8617545572455968 0.09926152355294099 -0.17611153999334564 0.0010673652209593168 -0.18542882572119232 -0.34908710629302186 -0.0035868899588993915 0.030948531167755047 0.4169215412621224 0.2240441022229658 -0.3440524101667204 -2.9259948697196188 -0.3017373005535813 0.844583781460423 -0.09496696246608137 -0.25988064961287566 1.182759080659308 0.19252015114950138 -0.10538119824744271 -2.0194517134594387 -0.36860882397902817 -0.10055331227681652
0.37839536622089925 0.10232478745908147 0.07294560303834537 -1.5055870241696578 -0.2203076450836291 -0.72677032754629 -0.01699815138418105 0.013221469313530593 -0.16594234571261557 0.1956145043871423 -0.9972680260985872 0.00038249228387034597 0.019362170185876795 -0.7671441330242889 1.0983215400228012 0.4044821251317034 -0.9712147455789809 -0.03534170573529052 -0.11320445549151824 0.1757096911930922 0.1724911730867775 -0.17242007122772307 -0.018267514833036232 -0.4720966964604226 -0.013012879118677363 0.18985910540233797 0.10253891294236374 -0.04077419610279341 0.04260983747019646 -0.18819895700641975 -0.6059489615033282 -0.9420949168945544 -0.09383456161302046 0.9898957723089652 -0.009750133684883257 0.5808841602609917 0.456441436053092 0.26512490611550626 -0.3358623266065257 -0.09016503840740822 0.392367357824693 0.09729333924838723 0.21547668302518722 0.5583543235936932 -0.3544184002889633 0.052257696103755934 0.1674827431318014 -0.10341758414835632 -0.10603118193204303 0.19615023234785384 0.3737727653423916 -0.1755173389749171 -0.1118613438175095 -0.5026494128726039 0.47066330763133263 0.2334338638608363 0.05095737096679647 0.13368622580292566 -0.15750791000253844 0.1273277830085962 -0.16907292201939125 -0.010856507494455344 0.18995128002555575 -0.10875936792511248 0.06507562951859205
0.0007618428747910216 0.183754627378428 -0.3024214692869817 0.26440304556076183 0.012366852587790808 0.02070903083728755 0.04173527119301765 -0.16720949315271055 0.12294601475598654 0.08524265082582076 0.14153743543512984 -0.008026280718286172 0.0433157816157226 0.22019514175875377 -0.14377930684166348 0.06620288393163774 0.4762575324247176 0.14059266937615564 0.021305619049697647 -0.2073927638003027 -0.18399522640658197 0.1618264058090725 0.08182547568875277 0.05422101881262962 0.2488762229233203 -0.028137448969966658 0.21472385850038797 0.43143520691472387 -0.1580626192602517 0.17728888819709387 0.11101422693202802 -0.07968279229674173 -0.016514531219001576 0.23143742214695423 -0.18099603617115478 -0.21568380742682902 -0.13161599760621395 0.16020047856373518 -0.049799523253141124 0.5984586484514973 -0.0151363940181193 -0.0031999055175894165 -0.11783528008327987 0.04308145406153165 -0.07863997882216346 -0.05668785000681328 0.3792725162001516 -0.1639181767603624 -0.02385594709044052 0.20915206783281534 -0.2389613424272216 0.19031736163136195 0.1389078640138134 -0.004607429656862245 -0.19832619133967647 -0.17815373359150743 0.2585533672344865 -0.11831295429631018 0.037251139932488256 -0.00017294424180445657 0.16219878482526628 -0.015915675440259777 0.21224008818757797 -0.30308391010888497 -0.0011769848267382617
-0.1258176594697063 -0.514104130288671 -0.5403247115507476 0.29925709349025087 -0.031274759256779895 -0.06835340867553588 -0.08415479910008121 -0.28718994056299385 -0.3504787334130494 0.6560958779065146 1.6478159314817455 -0.3191517552893382 -0.34289668885480773 -0.8669138064662725 -0.2138832404522429 -0.18039090306828903 -0.2766728289799371 -0.5457278710766216 -0.1320867656263969 0.06867461300717269 0.33450989624153243 -0.1374701441915898 -0.17057935430744442 -0.17269524360440408 -0.24699485589045292 -0.12356740761184805 -0.26349040646847444 -0.07387433313267122 0.07795540836848779 -0.38419700798832357 -0.3003079133146037 -0.2421775230663025 0.49633797778363914 0.3697117599222463 0.067718249396967 0.6025822486360133 -0.8369878244763144 0.2882779303240872 -0.23223384453821974 -0.18900259490606647 0.08303069096667852 -0.3057643555252802 1.0602987942219604 -1.7779057769414561 -0.287845209122757 -0.09320011187410399 -0.044583323555051596 -0.1133655410520626 0.0798717341385599 -0.20492563424876664 0.058868955266607355 0.256026610670591 -0.20718092264895768 0.05498039604779141 0.023363624037393643 -0.5692349219227066 0.29790719374234725 -0.2478035233405016 0.30007939693310065 -1.049068112877114 0.10903791092559481 -0.47096528452851305 0.43719005295760094 0.8029228558641961 -0.08453131830907668
0.08781442430805014 0.028733108513331853 -0.01280655156135994 -0.1966782817275383 0.07868532013464243 -0.004928984104636036 0.04612928472185507 0.012079574630904718 0.14581552855645583 -0.36910346712276043 0.10873350575591711 0.1557608390227236 0.10723761751116999 0.03962261503681494 -0.014592821843665086 0.11156859505458325 -0.2841451542253332 0.1561159534182831 -0.2269881072704324 -0.0820766931668734 0.11201375066630702 0.0014613932206504253 -0.12928080215660603 -0.09897499270922942 -0.13507270590916698 0.16976931116585692 0.43677750186625386 0.16444926573660856 0.09688795702645267 0.12638476952220024 -0.13681239487886757 -0.29394446831632887 -0.17043391091743734 0.16113103184303815 0.0781904402787156 0.20704688716138006 -0.1137474438292333 0.17306440434262538 0.1692944067713232 -0.049387752143607376 -0.10124854632096114 0.10489451117841084 0.3012011103795575 0.05225446792428737 -0.17093514233684373 -0.06543392475686412 -0.1885527627046182 0.06965144614450414 0.043290282611553155 0.13560779934782477 0.05109227068496497 0.2592362582719724 -0.0872371016770856 0.22713309289768308 0.12758332961954189 0.5758719126752367 0.09800393555434693 0.06773584984360786 -0.01153636479765048 -0.022180896519550793 -0.003921955310286443 0.04806417527749918 -0.2674143596523068 -0.3431763367695758 0.08392979922648665
0.2725534411800434 -0.10731081048382876 -0.1121832328008805 -0.011203494313255017 -0.39024267685382436 -0.07508868497552501 -0.012298143299843209 -0.1561911284287671 0.052267389569927526 -0.2337733479144231 0.028981311563436515 -0.23400414429481253 0.07150485103685043 -0.168547296484436 -0.01627414053524375 -0.032664544718974654 -0.0013552182219218288 -0.07571061042389306 -0.0065709375592175314 0.08914250415072592 0.04317073248940696 -0.021459582094317642 0.11232149318606595 0.10903155117458242 0.11002286115098732 0.07734906353156848 -0.0006571074267558008 0.11753592914580885 -0.04604265031906239 0.12232539174639383 0.16114298148100614 0.16315110407602476 -0.05743620037891564 -0.013726730576870091 0.028242595549427315 -0.21466825988183344 -0.0529458153286814 0.0906927148379643 -0.023674859114600343 -0.26345643513290146 -0.23381274594378731 -0.15593861907512943 -0.146765608350799 0.27543011306140786 -0.4780755530095003 -0.12119958820455681 0.08123730139181762 0.29916983016001253 0.09638077454017437 0.27399671979240064 -0.08620512461738347 -0.011325486941485658 -0.12026839695688633 0.07401999091034017 0.17961865881017824 0.25486237278943014 -0.20384703412921298 -0.020084310533799037 -0.07423198860125718 0.10908590346470738 -0.22561422495473832 0.06724165862211294 -0.03945761178018343 -0.0930445330549859 -0.0016713752593621675
-0.019041560400160945 0.02953722786153533 -0.23235722486178761 -0.7875398002045665 0.020346877828142564 -0.5210108077651358 -0.1162651282227614 -0.09758639825420448 -0.07173715873655595 0.15478437700510747 -0.17783873667140365 0.052314562647116404 -0.251578254714335 -1.2994428736638606 0.07434223170780202 -0.06750872072087478 -0.14090821228266798 0.21030002815575372 0.2638739068625974 -0.1302472249860033 0.22219169343267886 0.29574127999509514 0.08946391390978067 0.06409540094670421 -0.11696550107335925 0.4279261844777147 0.10577876931447995 0.08576370866757932 -0.03429328722346989 -0.06971966632260038 -0.014488592728088272 0.027490983309386086 -0.11826546886610151 0.2733917736330093 0.14938078209277347 0.29452164862926156 0.3227350330011498 -0.04492698628641826 -0.04719765085024098 0.048054121976857773 0.08178689332580613 0.17532980294097542 -0.12904970908579544 -0.10299851840832948 -0.1283014467689616 -0.11267269694545945 0.19477764251574292 -0.24589651369530946 -0.24748833097719786 -0.008731225599644553 -0.09370099140016545 0.035216132712994966 0.06745683936922112 -0.029612381721336435 0.3147693947212113 0.32651218085254324 -0.20865281875626915 0.21776915249947817 0.09698444329940305 -0.043889491044814544 0.027736289343119256 -0.13781876688187703 0.09638896519039139 0.1133181800698229 -0.06342162111884522
-0.30946746287123567 0.13942356416846194 -1.5844349781076443 -0.006630643127634043 0.13873317572463092 -0.004300377211896188 -1.579206281523206 0.29553919280087265 -0.4679414239223788 -0.2862210970510169 -0.5687726278246665 -0.15185057732544816 0.17076518001274932 -0.363096888525646 0.04063398084897652 0.4299407007138997 0.17490634791003096 0.25043100470362706 -1.351296214217584 -0.11616309815322709 0.27081166301992654 -0.3392564788916869 -0.08759073698589487 -0.009777123508821789 -1.8071245077255755e-05 -0.06874868144163479 -0.44741020964962347 -0.3098106521525611 -0.5424279342566471 0.32168410156813043 0.04121109531977099 -0.14339170609347343 -0.09937192659468698
0.23071841873811327 -1.1309865047292988 -0.6646520908169099 -2.229966776690877 0.20705047545331629 0.13052536423080421 1.8353884019338962 -0.3774861644536372 1.003873245920077 0.13877252464358558 -0.08710893040768078 0.14768411814581914 -0.2515648666793834 0.2528034811534286 0.27931686110882165 -0.1160540230355513 -0.04947369760314694 0.049200387517456715 -1.6710974907196179 -0.5038757481554299 0.002100638541485674 -0.24198959060163727 -0.13258022226353616 -0.04654844107989218 -0.3875779667838506 -1.8399749390590203 0.4041453831842237 -0.32944618075959453 0.3831009938196438 0.38170705273701755 -0.09532011147575409 0.04557970143145466 -0.031230438407949337
