1 4 2 32 64 32 3 
-0.46540779099576013 -0.161470652959144 0.24387674899236056
0.9991314080719017 1.566398842165454 -0.3022465399776941
-2.4817310356864244 -1.605391601645781 0.052387251882889646
0.5589804148101887 0.7405240706122037 -0.21069960098912446
-1.2091986833792563 0.7396342008451213 -0.2315333179904109
-1.7526083305465543 1.5687930261889083 0.11568316186583595
1.160913795131059 -1.215998897481977 -0.009468598491917612
-3.1292547643579574 0.22866116267152953 0.2238874681589047
0.6185130999476142 -0.9178561193613027 0.020039268484517474
-1.6641605975469778 1.0824039819743154 0.033110827356301324
0.8266531264833165 0.2874765955515595 0.04623982496329577
1.3074232687034741 -1.1805948797818708 -0.24561003070582968
0.14853486137950717 -0.5832700760642061 0.40174654359099465
-2.3086405523859206 0.21011178228773572 -0.36144762169390593
-0.8108883050167699 1.3072731667301387 -0.48693382068803087
1.3123344503018526 -1.2547560592599376 0.18436991679410186
1.185131138067837 0.795003082918233 0.015795725789017473
1.996930576758417 -0.2939496032226412 0.014865955258084231
-0.8463854960250389 -1.3381273989017572 -0.05180293903273274
0.4210581592730079 -0.9560932108477069 -0.21068160379912623
1.7860893957308066 1.624178332753196 -0.018561186471447184
-1.5747852363739059 1.2343199285893265 -0.23263653151130237
2.318295546552059 -0.21792592975933237 -0.10691807420789957
-0.8232565345836619 0.48563054611835904 0.6074241956972131
1.5717974972259654 0.32759296873165555 -0.16742522438829904
-0.20334742089200067 1.754526364687851 -0.11749041160655728
-0.8168144796478923 -0.22123676179582713 -0.17068934213952658
-0.7855174653316263 1.9435531223704852 0.17427411379003452
-0.3276625758179955 0.4378441551188141 0.2410387263600774
2.2004428090620842 0.7328553869167502 -0.08502279863145715
-0.5203325502768468 -0.8558840840962544 -0.21252478388496773
0.41365320467414846 -0.65628488733102 0.006217883280215739
-0.10237112768262567 0.964488821778871 -0.04802517748046063 0.09931679697420909 0.4168925714587215 -0.15943008494550084 0.4984351832209182 0.15294168968080762 0.4685452677991357 -0.009024737937667511 -0.3458231354734408 0.9157092619951395 -0.5668430495275414 0.3235863517622658 0.08354595229833485 -0.34448024681980693 0.1684012918259873 -0.1379324527935599 0.27428820907849727 0.2574308237028561 0.07155984192206298 0.1470895338020911 -0.13334722930345 -0.3839329215219529 -0.23117480914200242 0.12045860083215622 0.0808963063193067 0.14482339731016192 -0.012216672439097175 -0.2568102018732369 0.37575209015373157 0.10362259996900564 -0.5037327792959
0.24859256207330443 -0.09709673599449227 -0.17894409533296107 -0.06561433614215359 -0.1877652896238104 0.20897499598593083 0.05732064093516962 -0.06936926990055721 -1.1744766875213903 0.17053836194578284 -0.21694131225547494 0.11258415661282066 -0.8032913278873464 0.08093292439845806 0.011308050863395334 -0.5692271534872192 -0.21970011695256544 -0.2449880706672702 0.12781607311430654 0.19887888976817478 0.31178128660875765 -0.12298474888347963 -0.30674566338825954 0.47613378996110406 -0.23976430789916553 -0.6987311267189739 0.032794470422562 0.2592008120187892 -0.23334739337202312 0.011149780626125802 -0.3298253292344321 -1.7779971260997098 0.14018584720421806
0.09207787151990335 -0.06332653896905369 -0.15165482937776417 -0.3772848071026625 0.538694864278924 -0.08908812056171304 0.4915605281227273 0.23935763792576012 0.18756123459717336 -0.35520659068618954 -0.2865935956448738 0.40605834124579854 0.298730800069923 0.09465594554161613 0.3041149932114442 -0.38325820704662844 -0.2602803360545681 0.15904746366832823 -0.08528006368269904 0.1258623159141006 0.17615780970022485 0.13246963125721062 0.4684855689887008 -0.25050338560563246 0.13336032092747238 -0.15887203410022563 0.17748776630492658 0.3122906939074974 0.12793935185033684 -0.07241060678790717 0.05053517450761071 -0.04604396774171665 0.04479364870832779
0.20067029083429053 -0.2293247085287235 0.13633174830459152 -0.36617324281003377 0.23495170702177992 0.4320630315266821 -0.8015155463659198 0.3528243172009723 -0.4776997628936297 0.19822201572760859 -0.37592249972074787 -1.1955084977863548 -0.2654607683732998 0.055844411341981315 -0.060048441559429115 -0.7024517745719846 -0.23653620526259714 -0.1943446182166772 0.16161088829544867 -0.10316788244866773 -0.27470828827513094 -0.036290168994964796 -0.4671452929590787 0.19421720883339325 0.08894114896711698 0.020442836868087965 0.725640572931226 -0.11773722936022123 0.2958832841851866 -0.658526409140447 0.580176082388777 0.3844386811632397 -0.13186440836369684
-0.10797985928117447 0.13071294772814665 0.16561758803116827 -0.1947047593232831 0.1680955976781996 -0.07158722910036086 0.36921867584843393 0.09150174833831244 -0.4413504461930029 0.45872128149357544 -0.41283155270003236 -0.13927721734805082 0.05785551780720229 -0.2212027679361209 -1.5131083540909023 -1.1014028389293284 -0.17863679506616764 -0.7363947217506864 -0.18168659809875573 1.083773268953849 0.0219652972203319 -0.01901983611142367 -0.3595309416178995 0.2004406282019548 -0.1378997470975857 -0.1046822921467506 -0.3809635788354383 -0.030074601516865137 -0.1775114235627623 0.2360809966834721 -0.032114002851249386 0.07571116343599221 0.24390952683640899
0.0319691308059204 -0.8489125452544314 -0.4546389933803209 -1.0881866211845181 0.2280363503601733 0.723299229072156 0.1576859115834269 -1.2426100714684287 -0.32768500010015494 -0.21674938732500607 -0.08170854906024695 -0.45966899039274656 0.09525667021164322 0.04968089268272556 -0.1632949466302394 -0.15346894080185836 0.37725770017084503 0.40551367605911415 -1.4473404417912645 -1.355048791743465 -0.3782550760923562 -0.0019323940146062546 -0.20940949430843123 0.4569049329146045 0.10096834194482582 -0.5107488520916177 0.0908075300877594 0.022191018224252696 0.452684375802956 0.25477464778156445 -0.11475706592371543 -0.34711594376956606 0.3580661709964241
0.11516271699544833 0.2106195326259463 0.25546065100240073 0.2721578739614268 0.23207646738410162 0.4090437881247654 0.35869482851064927 -0.890407934727884 0.06344950919572148 -0.17103560124377573 0.6305432890031523 -0.1771810514074301 0.004690890100838795 0.183077085034251 0.5020475880409979 0.07898601219622364 -0.019675987946100648 0.24133418022871106 -0.33320131294412675 0.14223764981426887 -0.1071551519871368 0.18487523876577755 0.4203635133031664 -0.21711988636226157 0.03613559021191235 -0.24583204518330587 -1.294861686235437 -0.24555481122357628 0.7825799313256772 -0.005831562910317297 -0.14217300838982497 0.2952025069226397 -0.07188110833968644
0.24016065028091307 -1.134864112237357 -0.15861916103219403 -0.6616314157565132 0.6067229643895387 -0.6217899352178573 -0.24179400327731318 0.11504802711199973 -0.11888058074408357 -0.4552109024694922 0.2824705320587149 -0.5532549323939806 0.12852750507781904 0.29864396252059044 -1.3102349256618646 0.2390149123141443 0.6443525724812809 0.05803331362820453 0.22929271174064564 -0.5187680171685252 0.2414533275753005 0.5744992505681665 0.4398546987207721 0.2957510284594757 -1.4593259224396777 -1.0398653686158834 0.10900954590037178 0.028577987637025994 -0.24076827287360822 0.415186377071576 0.668254543318252 -0.34726789531450203 -0.23235434929471654
0.2095369047911186 -0.4920808292490747 0.26474480678647394 0.5056039474911133 -0.45434621880991466 0.14486187680289747 -0.05236847613312288 0.4493500893697621 -0.13470676932441117 -0.12045048180570374 0.23867289060722893 -0.6321200145481134 -0.05494697269942875 -0.07787687545381342 0.45570862875507107 0.2261301925409138 0.32820968882878865 0.5344659901992792 0.4748567405342676 -0.06773790275281928 -0.3851910520503424 -0.4898426652018867 0.2440070597547131 -0.24009701600352393 -0.0029871649613673517 0.08199925590634685 0.5222417513246297 0.0651579539669932 -0.003096296602445976 0.14013037632849548 -0.3816286160315106 0.05914235278321609 0.026382034403144038
-0.24987066587192952 -0.266876399940743 -0.021822086449375284 -0.1412625401826156 0.13631975037160624 -0.4363106974464029 0.020206363003983083 0.2491930597177682 0.3197783492066983 0.02990004158346504 -0.2211428790221592 0.34324274449947223 0.09344690448647501 -0.5642226330034871 0.10211154644652894 -0.3982430476259863 -0.9448134424185528 0.28566843831227723 -0.7391967179283171 -0.5161158224040685 -0.1429005112496802 0.12907259443819002 -0.16444986548133145 0.035035775640701684 -0.39744485217403086 -0.08803010308764578 -0.8317510002502606 -0.6239227900000593 -0.14404285459462599 -1.0796353498459808 0.43727140055712427 0.09989190013297986 0.2484378021968524
-0.12694713096108184 0.11507168510622136 -0.1683575761067044 0.5870449636413386 -0.24637086806897163 0.3065715437652343 -0.4880897940641547 0.12311534879165949 -0.38958869207736385 0.07826086032671499 -0.1918814930268537 -0.8252973270142583 -0.22406466776633518 -0.27419263527093296 -0.1607790491922289 -0.16118892590340794 0.08609912764667538 -0.018722413009619153 0.3261136146507339 -0.47837526804605723 0.38318765700710894 0.33707579336837395 0.13721482203035593 -0.12950504224042297 -0.14916729536046194 0.45202254188910285 -0.03966333267346797 -0.03409707617302451 0.24030992429177228 0.39095797302514723 -0.48944733414087294 -0.6924697057373279 -0.1665329121116087
0.10384252369941947 -0.09847050613791139 0.12439111595274428 -0.34057860055305766 -0.06842685517440815 0.5035377176679627 -0.13683348097295778 -0.19948083436978173 -1.2297702358677867 -0.15591719955742375 -0.11768830863582097 -0.3815829474342851 0.3291507331745565 -0.3448330044028678 -0.7420770705718045 -0.3336692043558124 -0.4785091791686027 -0.2579018067560822 -0.722582305734827 -0.28230004185717505 -0.012324900566455469 -0.14707332931904799 -0.2712382225766711 0.1777515656822752 -0.006412905567888342 0.2214307258948479 0.05793100720096632 0.20286155697622943 0.2632797753582949 -0.202820724128794 -1.5428505908851824 -1.433555988972949 0.3460189217758495
0.1995788648497151 -0.018447789679167517 -0.2621155439449531 0.05043739246308773 0.09504285272605446 0.13579010570675876 -0.8214117723343555 0.13957547087944794 -0.4345446090712688 0.1803330875413047 -0.3517396227760647 -0.33086893711978915 -0.19733411512086366 -0.4548187016499772 0.5342660031169569 -0.23455703653609697 -0.3318588162964223 0.32394670105994844 -0.4513445236406644 -0.18558746056578504 -0.5143692445786147 -0.13544161572895314 -0.6787098400188921 0.14675627357003257 -0.4609879412042949 -0.13141669442516546 0.0354794544164777 0.38450345742138303 -0.381746603280701 -0.49437799043503794 -0.75259030263311 -1.9940007721054251 0.11430475733487819
-0.32579027104428304 -0.11970184701327861 0.012759563564815894 0.36234742283891136 -0.32392773710658207 -0.21187569694358982 0.0944923015683346 0.06728956423028477 -0.000214864299472444 0.21404975472175866 -0.07613058584846298 0.1953201774908058 -0.07618861713973066 0.2785850789694024 0.29460781866060987 0.17282873566414855 0.05156791407190387 0.31130822946793435 0.4545529948955627 0.1898643277447785 -0.3698435397890228 -0.057712737684409605 0.11445040528546782 0.02889632714421344 0.3949517549284669 -0.14935247232381116 0.8434380538301813 0.33225769419806356 0.21247815875252282 0.17594947748587966 -0.19955082819244896 0.5252522067131733 -0.34067527802420783
-0.4787937781922524 -0.5765554932377337 -0.5189402001287652 0.4382335140404308 0.29834523316637934 0.019238067144839888 -0.21770347384512875 -0.4398983837409793 0.099634834827238 -0.7984518377735261 -0.2116442108038342 0.23434212509066743 -0.0328082484575647 -0.29885923010158255 -0.034954060124390944 0.17737953776022822 0.25057972971783465 -0.12869176754144013 -0.01296700152063091 -0.10628481942737536 -0.37715453142396604 0.17309550839442828 -0.6251981250231751 -0.15777660476756972 -0.7016941372443555 0.3070242800800253 0.4183085577048636 -0.05293256862703183 -0.04451744207111583 -0.50798671388346 0.23843421465591713 -0.1326476549032519 -0.18464901156718308
0.10889238030476545 -0.10469495961674126 0.45865760161386865 -0.39545843020813687 0.26058022501251143 -0.3112423340631666 -0.5420743098911943 0.26386018619736773 -0.36038228363070324 0.015502384977419568 -0.4143666412837184 -0.6773869138959626 -0.2449084092700654 0.023512561380634726 -1.0022271890899939 -0.4789787580113006 -0.2911571955004868 0.4590827778570757 -0.018095098469118318 -0.29920693059739684 -0.05129222207461231 -0.297196295475021 0.18183369341747913 0.098974626345515 -0.03778020798083468 0.21528234216065256 0.13907630997244505 -0.47338813338260877 -0.04236890781692339 -0.2269033009927759 0.22518913995094356 -0.050303757681091535 0.1400086249080986
0.10828672778032818 0.35468830076291125 0.15122655832181361 -0.12469941967844753 -0.33269170569391093 0.36418360387422766 0.09327572113277281 0.13498807747487301 -0.2779475466918615 0.2659816082277695 0.46967704088468815 0.07079859157077689 0.42799392620764753 0.05615965092514335 -0.08291723078764107 0.7875780328616335 0.5330774786251804 0.12250551981634804 0.017093713488488302 0.11092937388442418 -0.23796015873461118 0.10205530380652283 -0.061232365117481424 0.38090420542817094 -0.0011106103925096768 0.022968915418598627 0.2053395456463158 0.129665320152577 -0.3778062914400728 0.14273906147503093 -0.18101069134514025 0.2192658777484689 0.05540395599844147
0.26710161050914993 -0.1547313295358479 -0.3815123266589049 -0.05576546200272328 0.07143203211642443 -0.3448988748050292 0.04202619833058107 -0.19807345767623974 -0.14074267540553148 -0.10819768808796723 -0.2427266309602174 0.4047790584126854 0.12125508092655134 0.31011723173372996 0.17851911045804275 0.23695200345445308 -0.5855311099246865 -0.24896220541955266 -0.04391110558363306 -0.03895626207453365 0.2544296827912144 0.3810689049441402 0.19669074015599197 -1.4057562132914223 -0.2964328164568664 -0.40318182707075095 0.1645715112395166 -0.12321268412296538 -0.24598396388259178 -0.3155984283733654 -0.2441936749786788 -0.03220535353768228 -0.026181353055221304
0.35423630539339684 -0.07295641664915097 0.27441483021039753 0.04052693642136464 0.42608651633899347 -0.6420331474464407 0.2003080691853944 -0.13731092976679693 -0.031673731178582167 0.20910505470755258 -0.00660139321917707 -0.11787950411632446 -0.014712983958070493 -0.17965723766039868 -2.5162140089249467 -0.2421978561900224 0.25111601592419996 0.5561338918326894 -0.15555187783082547 0.3872707546471301 0.41605631238975904 0.37001949326609895 0.27233484671126473 0.1952947967170186 -0.31359245059030033 -0.20700577715794916 0.2340966365148973 0.12172749289752315 -0.18695553238985646 0.017860126194269143 0.0561784749061623 0.0782236620171598 -0.08070066565504447
0.14624204390550258 0.23026831923934518 0.33300759975951 -0.6803009241802784 -0.5757499403500115 -0.36153913572823515 0.05592638383880083 0.03951882079155489 -0.11356661822873017 -0.18569419725576491 0.48669963646152664 -0.19893271508145838 0.16821588839676355 -0.6521912387905836 -0.24760702674022067 -0.5749980650554959 0.3122113676515518 -0.24569395340496425 -0.16280814870126153 -0.295251180042783 0.021090553118984116 -0.2243392197112982 -0.4716889782994742 -0.10419047396056325 0.044918067881386615 -0.1954651392632585 0.18300052696840405 -0.003957933739178825 0.05812201311765863 0.2190181783296177 0.2509663102623389 -0.2746162728734088 0.19343882668482454
0.2597733496935049 -0.5507587844206633 0.6970729933516211 0.06739191155933216 0.27570380938943145 -0.43677659997192375 0.10759269759850813 0.007522018139682432 -0.11463444646797555 -1.1717886345773374 -0.4184921604325387 0.021747892913896005 -0.0944806718911404 -0.23381746426351366 -0.10647593497001266 -0.3531746005567287 0.008403412969793609 -0.15538588559838704 0.6155854096283323 0.9180594481002992 -0.4449277325068782 -0.0758006808147924 0.25105533121052376 -0.1880363885603031 0.27989590642326273 -0.36865800196512727 0.24919804506834714 -0.7596830383259893 -0.8647498611529154 -0.3979272747114436 0.7088667850016334 -0.0032135933327198177 -0.46485063311407204
-0.41054870438698393 0.47115346048153545 0.29332601634710803 0.2645531122162901 -0.09738025584223285 0.6245271474686239 -0.13109947655905252 0.5012990331221586 0.20575049364674436 -0.37338726038187126 0.10148630303277603 0.3348032909133503 -0.0174963696842565 0.08219591710606548 0.3509411835556704 0.21639787870137203 -0.3613694412654855 0.08978598911638641 -0.03384459900064605 0.6331184745289209 0.1992048245721264 -0.19451203715681475 -0.2631671128382928 -1.2933142767157457 0.3584227107656141 -0.1560366287842043 -0.24466498788836705 -1.0795946614281324 -0.4370751840839555 0.2646781895190778 0.1675270772193399 0.03127838139546509 -0.23410541865088802
-0.2645713169295705 0.04003670817387006 -0.06789014739567227 -0.2848473238127818 -0.09645648926537596 0.04838525720993145 0.006078748197553889 -0.2504342852193037 0.14269252635457136 0.04273737905356732 -0.33990832385433234 -0.31592644272895515 -0.16249635278360305 0.11117503030466393 -0.11066246463521963 -0.04704373220624972 -0.27791085349003714 0.16443615808751516 0.05135466726746336 -0.04390332411909247 0.0535172758761786 0.38599331441924495 0.02712359380640864 -0.18361401526229118 -0.06410240005668964 -0.23725750290205358 -0.5168018488959363 0.1431525684296934 0.6220998881724513 -0.23721998121442958 0.04042849654205692 -0.21842204246089397 -0.10734995811847153
-0.027475756692041088 -0.11818574770567564 -0.38159986879996544 -0.28577507521769613 0.13391637561186076 0.4728381721815799 -0.38999148006036144 0.3081191537440412 -0.01812299012957537 -0.9914858124199895 -0.1630589202002504 -0.34443009643294803 0.21908674614743473 -1.0148472613479815 -0.2503179060392632 0.25355121169959893 0.5144210882863125 -0.2775558845772817 0.0990467737295731 0.7912686986673447 -0.01040898032447399 -0.2640428311945942 -0.802185880702894 -0.10454902206974633 -1.426489269175106 -0.2024336927169581 -1.913906475368349 -0.7500087266763276 -0.675555243820608 0.6146772767751968 -0.07399947800344041 0.25698055785119617 0.15399188607317035
0.6761878337402344 -0.6197582904653267 0.020752360764545872 0.006969373577461577 -0.08975989754625839 0.008825815799137968 0.26409924549593844 0.15457481432435197 0.3776868948536008 -0.4389005817675085 -0.49371417938346257 -0.42539604970542994 0.26256352437314406 0.09092536604290619 0.9762511204285762 0.3481544216924721 -0.8063551010445567 0.11223854598623373 0.4092382797446318 -0.13899684216741798 0.09437175832315653 -0.2833791024271032 -0.5920839688196818 -0.018581008953244743 -0.4156764076963413 -0.20191375302568992 0.33735879100569 -1.1899206366106687 -0.4927025136152053 0.22328724396699356 0.4471599750547783 -0.4361031211699393 0.14661003785245033
0.3613494508963563 0.14858556856146346 0.03560612239191273 -0.2601229587171942 -0.06214488797843802 0.15069756136019233 0.30969711757937274 0.20430456186687837 0.03909302084977034 -0.1560089617682951 0.35511968001830724 -0.26792228675285606 0.2702523601852614 -0.03503845994706697 -1.0876066040680237 0.34345837280716357 -0.39580867482565224 0.09159279495438595 0.006904632202197128 0.1766519799936302 -0.30233971541302473 -0.0013221873640135138 0.22877501068248066 0.7978490750652215 -0.36144917523642095 0.04058690960019516 -0.7146908433399534 -0.23876895379093377 0.10659019709502293 -0.284613885695307 -0.3671419007742843 -0.07081033142330821 0.45007163916508414
-0.1607624026793276 -2.0482026843259558 -0.5218237641061618 -2.0484385976358452 -0.0868594278060519 0.5330142406729161 0.6216469333932396 -0.2518207556355987 0.3541550107028543 -0.09508134460837968 0.2697675943420972 0.2819309000443289 -0.045257233310803016 0.043107681625999386 0.10106660334872213 -0.027817420185356326 -0.06180972859121409 -0.017830932017593205 -0.06285405172604022 0.387152942687479 -0.5645835914786668 0.05897157686935801 -0.42994991619937195 -0.20857309051101044 -0.34776943979609287 -0.5213946840012836 -1.1003424078056518 0.20743578287077588 0.18995832817921288 -0.017724939293602564 -0.01403015532487284 0.2748380018403904 0.1244444852591261
-0.3484580720719504 0.24845414179297756 0.33955086495537184 0.029781914188650678 -0.9783401800003881 -0.003864437506865396 -0.148772473924088 0.28785107322789083 -0.48949946256264365 -0.5641933275244966 0.11276914215441326 -0.6360935349703071 0.05554632499733553 -0.5982667136919156 0.9638173624707963 -0.23502922804170795 -0.07971525732168262 -0.09667245942616087 0.4445278850520905 -0.2996408563182733 0.6299020493131381 -0.3980282473003764 0.33212817599425554 0.07153227541838764 -0.040493623328085614 -0.12045133023936887 7.14542259405758e-06 -0.35138500984103277 0.19931797712252725 0.16937580714683562 0.10079053149336803 -0.2141939353640095 -0.021027600358459284
0.41598599978619155 0.04193398221232704 -0.5703854268520973 0.5114937067157255 0.0598028456888786 0.4273414440511074 0.5615109779952525 -1.0073965121388684 -0.0674590877389674 -0.6780619529786963 0.5634840840534232 -0.5306351115082617 0.49793052139417354 0.340618567999491 0.02333142148379322 0.5187992186357531 0.2240095050686711 0.2229377180135458 -0.0693219703346099 -0.7375369677849906 -0.49469793086795727 -0.3097745991291692 -0.05999138588550967 0.37327346480098367 0.04446604189577932 -0.5122722762607924 0.00846615668113033 -0.5770231253775424 0.10302054940165656 -0.3835747837024671 -1.2379589744601422 -0.005104387964066139 0.2838744323352256
-0.5397612979271162 -0.01441941077121085 -1.241505425901698 -0.6417562289783132 -1.1042505947575583 -0.2166806695538069 -1.0370748780880998 0.34853786035420986 -0.6000800673464659 -0.3329028908412954 -0.09621962820190086 -0.6174977230692762 0.04603418479584564 -0.05423707455760793 -0.4892327131872256 -0.3174672541253972 0.4372204983861512 0.01599999758069087 0.153367842839945 -0.30493401294799855 0.21763508666133147 -0.2679987498638244 0.04135632252318456 -0.12272026927594708 -0.3833985395097633 0.1140690373811151 -0.17883259309135408 0.04907277102095112 0.20600806891572526 0.3661254364382511 -0.11491377459350054 -0.28361080460729154 0.20372956182451357
-0.37472028911918703 -0.14293354961218743 0.24170233828344273 0.04336370591781149 0.4110960054694352 0.31025847400212925 0.34173162860224976 -0.20537745104056077 0.3226442761386791 -0.009664598351310292 0.12325004692172307 -0.39357112936174843 -0.06830620661477778 0.4313361742284267 0.119198031958652 -0.34263275077189137 0.2949589935399287 -0.3380759198227438 0.28616658432285086 -0.5360175538067425 0.6226798928185814 -0.14830409675971137 0.46658826428851713 -0.5523845156885385 -0.2782688796254937 0.7358115462592026 0.047427300900620764 -0.2006690467716706 -0.20691839674355436 0.2782419698875294 0.44529068445900766 -0.07791140013676859 -6.211367741733461e-05
0.05973053567830083 0.5482543702955117 -0.27779963517268386 0.44633004620613637 0.5187402780486592 0.22469057083035496 0.22827553854826685 -0.03849588432953992 0.024262062240759132 -0.22720678321148477 -0.08092185799818703 0.5462219778763631 0.12684570741984408 -0.14050653234099317 0.07744668384408362 0.3357941619805808 -0.17999467246483886 0.2316956590885252 0.03178445827931577 0.4349881075038018 0.15773241407996363 0.6365692555032456 0.14294030889489773 -0.3309693189297071 0.033236383500539396 0.4545510222233747 -0.2624734716441466 0.4355615810639274 0.26866896569447424 0.0011142014575484947 -0.45146884066926257 -0.018153918170637027 -0.39126530603978077
-0.40106394353384484 0.5672226984729158 -0.6613480921155911 0.20878648871667374 -0.0063684645223087985 -0.3562320456540015 0.0625917448027139 -0.510816643083131 -0.33102902027345743 -0.5020458866389721 -0.12072689641016267 -0.0106568870294129 -0.4240249663355253 0.101919341551792 0.2687432409123891 0.2997631511742026 0.3609589765549049 0.33024022533087327 -0.03677423077258031 0.18371510629024215 0.5013837697569445 -0.23423227247791506 0.44642432527196296 0.35887928705945243 0.02629050703858146 0.08137092251339845 -0.457870337345085 0.10195242994222989 0.09201742156607981 0.23786850321179112 -0.36239295311711517 0.08169331124518567 -0.32776402629782486
-0.030503850078479253 -0.34398813352656576 -0.18115600947918833 0.10161104370345334 0.23905622194480938 -0.043745404039347145 -0.058363005316062526 -0.03457054640549741 0.11456006399633256 -0.3313055759415843 0.17762650825761825 0.2512985836513524 -0.2523609935980079 0.10256000577412301 -0.11757481542275686 -0.03808329292170502 0.029298759875656444 -0.06018817385424813 -0.6549020492816598 0.15689841170285448 0.13737955469560803 -0.3191234908680071 -0.11052394450130192 0.022099152553221316 -0.45530355113120197 -0.05880412026291197 -0.1695507591232719 -0.3276014788151896 -0.36032854431024147 -0.4146169014933725 0.2684398432856312 0.014143889686416602 -0.20782158913179075
-0.19643065844722052 0.1960174701457448 0.37371176793325883 0.09359308335241572 -0.025559728169116197 -0.2868618936972596 0.6974416003028595 -1.6289603004690347 0.16915243028051172 -0.6989821915060851 -0.05119908318213302 0.29453150457977406 -0.13278216631558562 -0.1118075950468368 0.7498319501222039 -0.23102214501505078 -0.12856502943921544 0.22175208509586306 -0.2665722869161303 0.3654488683534747 0.5633979375530146 -0.22359944887440183 0.06428854257860077 -0.5831814645808459 0.1540909972028642 -0.16800299164629692 -1.0568989863257086 -0.047106157562251755 -0.022307814469108057 0.1170238678971271 0.02130462097236053 0.09659505492580972 0.02658627896491471
0.28400153502756864 -0.6086817538012382 0.6546129939119596 -0.021527473263443814 -0.06476885184228164 0.46218524805974043 0.28240285089806444 -0.11532339713178526 -0.028007326220021243 0.20464614225234787 0.4616067380439 0.15332139582128002 -0.05938005627031195 -0.04236637575971111 -0.2494455176195655 -0.2911501818497553 0.3005339706218987 -0.22816936940783517 0.6078897970401003 -0.1616216538163481 0.44866031120243943 -0.17485100124615108 -0.4836871856784062 -0.3396195260254404 0.0366925387925382 0.09794383646538275 0.30612004689957834 0.4142951327702974 -0.13861582870613554 0.3691884326867917 0.41440752900294997 0.2727523994489357 0.1359285768204992
-0.2684418609526279 -0.6661732276003239 -0.8124097496148229 -0.35809556960840894 -0.33969772121386055 0.35978487668630965 0.5340537723662103 -0.30393218596366817 -0.22005921443654972 0.19502325887794278 0.37890068739028104 0.1236536342719759 0.46365940880111517 -0.24667144595084883 -0.09981462016059739 0.33518539802539127 -0.020122700622237786 0.460605983809052 0.025358950463944104 0.3742664691755764 0.18992598227801144 -0.29795894501065473 -0.3518673139681205 -0.4103672340140391 -0.13214612125263925 -0.4722065921766726 -0.9558185793242145 0.38503065612181187 -0.33513155923654253 -0.08828366295617553 0.37142991373244616 0.09839402722409911 0.18937429750239712
-0.14787824562223362 -0.29476757870219544 0.5310176651955647 0.09996194206789415 0.391806128105983 -0.34598597702684514 -0.1441905443297138 0.06541972595237784 0.4631517047651162 -0.01871717102125409 0.24528403087459846 0.5407659305282647 0.19077859631240496 0.30173769750087925 0.2019063074947479 0.005887773683455409 0.2010611507043738 0.34439591815162557 0.2537833448594096 0.20377041894026043 0.4173761516207886 0.26985398819090356 0.10686038851062057 -0.2405453999206881 0.37573528104239584 -0.11383686427810191 0.4038376532868769 -0.09108964283151906 -0.4414483783245128 -0.17468907305109974 -0.4813269743535523 -0.5279458565928243 -0.0908390528534388
-0.21223625381199632 0.13471416552683185 -0.5016496307125304 -0.2684923721524109 -0.5097610360827378 -0.24364460043828617 0.3974634199472461 -0.2063931944043262 0.01825877907341112 -0.015960671957270377 0.511531665696875 -0.44644186877517483 0.4170140412457739 -0.325142089331961 0.22271474800061683 0.005574478095065288 -0.0672474008754753 -0.12837933723357428 0.18850992556458948 -0.2161231180019008 0.16598363746487949 -0.07182763363869325 -0.1070875708353647 -0.12707179430673549 -0.4314685833886492 -0.19689764093124976 -1.1524421593438965 0.20673923646507283 -0.04701061389084731 -0.12995223816297086 0.0708159594022022 -0.0780942899350974 0.3758379555159602
-0.88295313429822 0.2114083904060337 0.4526690521322884 -0.36602514573958933 0.4486671004979875 0.15269070895265913 0.42334037922539236 -0.03167880164845136 0.25864215100782617 0.07062590344902052 0.057114187879760664 0.4268303122560622 -0.637568386203839 0.05191420456885089 0.4429745020209965 0.47376263601352203 0.05037540982928961 -0.21267411541272663 0.24607439813963794 0.5679183005493647 -0.207498530167624 -0.2434803621126605 -0.47736339695279517 -0.20095422102006125 -0.14940383621426093 0.2350123690346365 0.7708910989870972 -0.0076079838217558435 -0.24050292045621804 0.3578034307267456 0.5416151121547087 0.1535937110304114 -0.3262949251489414
-0.03712266378861551 0.14401636360795023 -0.18745604194068513 0.01091921412845556 0.03344880713053422 -0.1696637283228318 -0.13779080634068522 -0.22812819810189133 -0.9394149645825813 -0.10401383748928471 0.12717300168967108 -0.01596424329819761 0.02445145848115384 -0.4082876549434835 0.40028003308360294 -0.6004533995926785 0.12219772175057925 -0.16338723815867803 -0.5524770029356352 -0.09013927667896572 0.44360100551306914 -0.3185448284169287 -0.3880186630328522 0.1174636514392464 0.18530068372131606 0.49545384350184696 -0.21061167059269947 0.1954567310940678 0.15263466611420462 -0.7936207112600415 -0.28144130040863535 -1.0898371332606573 0.009608735560627019
0.18996667384445254 -0.2517309300476491 -0.1365015561840843 0.18237264167810283 0.5915305834337968 -0.058028849422082106 0.006752159020641805 -0.3093750418420768 0.13765197452191774 0.3435310295229774 0.5503560506878205 0.5230180754366717 0.04049807268996237 0.5331168175931478 0.5581827616066526 0.46801998905859166 0.2277902601689138 0.3435546234550615 0.09772920154878058 0.25613669549989493 -0.07148557807330978 -0.3426940078509531 -0.34149546536909914 -0.020856826904644687 0.34443158572580335 -0.03954175159188334 0.1871965096239004 0.46522805231947767 -0.15729331418240064 0.019668325860730886 0.4083501865177845 -0.26988924621491384 -0.11416769531711898
-0.3347125129052555 0.23524778675001942 -0.055948212018091976 0.6156798442719371 0.42792895870676523 0.029894706694990742 0.2939428570889219 -0.07886802279171484 -0.3929784985265232 -0.01241818752799421 0.07773928769544518 0.23487631876395262 -0.6999061228598176 -0.248654298194869 0.5662751106810513 -0.34180407733423257 -0.3456498366385801 -0.019373019472810976 -0.07750507541268645 0.06592820633785727 0.3931427248196435 0.4566735184576931 0.17294651325699115 -0.3061592562548623 0.2941198792799164 0.6163490364743651 0.3580227733196429 -0.29180767258939444 -0.1020401408931837 0.09331634156051273 -0.10125989870531668 -0.22903593446642578 -0.4769300255589381
-0.09875603665327407 -0.6180112946789059 -0.16150677653080603 -0.2682334750365369 -0.004898538162152285 0.29210801703728667 -0.5187060540506113 -0.23293731905778473 -0.5138132184499802 0.5270938084126101 -0.711771639553488 0.44724699583568545 -0.3454310646373195 -0.18345805185807915 -0.6556169122829514 -0.32774462132441384 -0.0927429317442779 -0.5278465386775235 -0.009805686581269488 -0.26821724253815343 -0.05399596971094678 0.5547461498936808 -0.5044819210526157 0.02009713355744136 -2.0431839383176222 -0.16543363736957836 0.2480098756925497 0.30789665874448424 0.21462518218299007 -0.4511758463233461 -0.3536560227665783 -0.17860211261396222 -0.003962075870896327
0.5752661497365499 0.20132363523469451 -0.6941863399866544 0.37274294878560893 0.26979980244271873 -0.0614178865583211 0.5207277683755029 -0.714062793574286 -0.4376358803868246 -0.12813348414673362 0.06799868822038907 -0.5970598269353791 0.1973361288438624 -1.9773995146846508 0.3423575445550566 0.024175597787357377 -0.12922716826638947 0.04875085519679693 -0.1829719148505029 -1.232034254421602 0.23022769491107783 -0.3035939301899742 -0.05884251374686737 0.11641949862809492 -0.3400599440265762 0.28238798913433744 -0.08724805566927044 0.16093320141550482 -0.19997496563144557 0.21127500864743162 -0.33600652825206323 -0.6338859380970551 0.10284235413106978
0.3573927313501772 -0.1130292912091399 -0.4253454543020453 -0.6801368249935388 -0.06620695304915118 0.17227345297209595 0.021000207835657543 0.18414961147633063 0.17128128182272592 0.12982187038263185 0.02308499002347297 0.2511559366882898 -0.14161362263695054 -0.16450312588972502 0.17708750652641672 0.10529183164058266 -0.1198053575852708 -0.03397215391320911 -0.31925528092305444 -0.003434015389106792 -0.21577538131605045 -0.04720188423894208 -0.12823394051028192 0.3507051705471854 0.07383120092299958 -0.08544278044304632 -0.18644349065104082 0.23787275823163864 0.4530742896131495 -0.2586440613414508 0.5283665129946382 0.016607194196819944 0.15929252856740833
0.2481563503617963 -0.09621972108185169 -0.4556690041154915 -0.5618035861904214 -0.37608551812233015 0.7182645804562295 0.1846265805702612 0.4628241139065817 0.07816524495517403 0.4167727165064745 0.003036789105852147 -0.25461680109072493 -0.030451317700266472 -0.03350875423190214 0.022066795936366082 -0.07781820915881932 -0.20926438044476045 0.014294684998601809 0.2306432541982409 -0.11747969060647583 0.19906399531652472 0.02883664505032622 0.2485335936299297 -0.08900268537600141 -0.16493219577415605 -0.4262967571417884 0.09147514975473058 -0.6540303252920828 0.06550166141088877 0.47370384701976337 0.21603646828281825 0.07081501457237545 -0.10989235982442416
-0.08766079069171591 0.27701843670239534 -0.08748587471848195 0.3088833747021927 -0.11753987594440661 0.10072407413952192 -0.17559796750760553 -0.163827026368455 -0.23308417477068402 -0.10703119586547673 -0.1325193927530078 -0.07596493760324417 -0.569630804215278 -0.3224853266245463 0.6576519591123751 0.19578576279029444 -0.15402934502590265 -0.46577231725598106 -0.33407671842179804 0.3900713479718028 0.09766420603515463 0.28276023677552325 0.28858595337786236 -0.02563134866979521 0.29003405583950415 0.13029632315919273 0.17819520987239482 0.006018473088977007 -0.25967336881715636 -0.13296142255058208 0.06915818266810352 -0.28912514460440164 -0.3151062199964982
0.20123661468337328 -0.075908708960078 0.1794311898055553 -2.3475540633687455 -0.327119971927584 0.1445093808079002 0.06887322948333943 0.45951840081555784 -0.053488952124966835 -0.25101441649631406 -0.058948739503265284 -0.2073490504200895 0.6475072212135002 -0.46529775817236196 -0.35930267778891317 -0.05540260759002428 -0.9180272466401818 0.20789869650508677 -0.40103998751590786 0.4879297751640334 0.09286552256659955 -0.34837438281680827 -0.5039260854809496 0.5076082037560663 0.28737408900537836 -0.33786371834477713 -0.14429676952362067 -0.09850186841219395 0.004815236958449132 -0.17512284227499908 0.12750452027024398 -0.5285931727362597 0.37252476680435526
0.044180907629412416 0.16000470237454362 -1.3585709972567417 -0.43526920460430213 -0.5229891479115677 -0.21986555873844177 -0.18947202390010676 0.3008372323591038 0.22382820582991347 0.39609835472424837 0.11741482390874901 0.060844782212947694 0.14061662012757217 -0.8480215820945365 0.3236847221138014 -0.08492445212451553 0.09642066737461193 0.04340939062521508 -1.210538891843722 -0.12007651311921008 0.4823735374126714 -0.3903019834477754 0.7434081798410884 0.15829313155607205 -0.33838244745947144 0.3629730732507788 -1.6597096346088243 0.15246456697841224 0.2686772873672375 0.1337524062981942 0.23113222636425867 -0.17579442863882844 0.2547665420120732
0.22423526502517535 0.022846453744361672 -0.06719042691029012 -0.03281194314571215 -0.4641131516956092 0.36412561496633145 0.2609345908637329 -0.18738977490773615 -0.14777326775358365 -0.16284886060951909 -0.11506011388560644 0.08636973129794273 0.4573713060244551 -0.07466423813540772 -0.25632523509623006 -0.3446761178347037 0.3610622102525349 0.26767532099655394 0.2164015008786225 -0.07777144708031127 0.13563026610834888 -0.49274196157932826 0.004404603345682224 -0.147013818951971 0.32679477676901786 -0.07653783972620665 -0.13958049704897854 0.13150969253103056 0.0029143211025680154 -0.10464076620049219 0.39199509449787157 -0.054115509891758784 0.07896944532787575
0.19212966984598956 0.21951290815499724 0.46174464460609643 -0.2012442394715134 0.6526760076161054 0.36488746203762396 -0.1485840647602552 -0.16998036912856265 -0.2183096891836044 -0.02610747638958876 0.019940879525613533 0.1404118910151733 -0.17779975756805164 0.32553939108828767 0.02624408715909105 0.16909108824996683 -0.5420109974647086 0.048438914454748176 0.07969477645790772 0.12391946519067153 0.6357617773912148 0.7284964274299939 0.057026238830555305 -0.2979428482076339 -0.04010383980641771 -0.03801018893156835 0.02094309495009072 0.42700757350709145 -0.31698580569886375 0.13890864154438554 0.11511214991008983 0.20361501456394693 -0.16723353986709766
-0.2073508032446091 -0.6350322755448345 0.48453133089343775 -0.12339863865198321 0.027960967944655704 -0.07736999955045987 -0.11356404285460162 0.04213647889582524 0.14035871013253995 -0.04367934348050047 -0.017110859477133734 -0.830142406631472 -0.06277739995095086 0.502026095625551 0.8866454171760286 0.23976637238012088 -0.6166493751013441 -0.7068257921397006 0.5612535372971279 -0.287088267665123 -0.26304375886428716 -0.18335224674353223 -0.4662534368462893 -0.3183797452200111 -0.29875523965605266 -1.1145151094827899 0.4657114793699079 -0.6430096731958733 -0.5667135755290436 -0.44001965007565846 0.5142842292175583 -0.03591321668736606 -0.4291691683947286
-0.48838378189231807 0.3140161449234394 -0.10134999746554098 0.3626764480635616 0.1169381506031741 0.4461005326797363 0.4814215438455847 0.580281439152076 -0.1010662349323955 -0.026606217234708462 -0.12044080776227759 -0.015515989606609723 -0.30268344965185484 0.2863779969603811 -0.22532845400624815 -0.1426063740472341 0.17074556053818196 0.4675232498855327 0.3501899238160076 0.3183887022260724 -0.17339009947178766 -0.15613330166363573 -0.28678363214068214 -0.16235398024121594 0.2713815339797319 0.35769820406355896 0.3355245722579441 -0.3694570336416119 0.0039229320537223595 0.32155573527663905 0.766878476028645 0.32909636964546585 -0.40161969440932044
-0.06501261954026946 0.14304492820308265 0.03177614965850684 0.2190679036327516 0.16904361909805876 -0.400129454556193 -0.3409179159016655 0.28656114846801894 -0.27333535699225475 0.13313470419174037 -0.3576383415535347 -0.22189351837763688 -0.3264110383807441 0.35840674637872355 -0.0399298811734838 -0.19122922403584391 0.38897431386583575 0.1395543250738898 0.10551690231312212 -0.9634326364044055 0.261307348484815 -0.36056515832016756 0.3392832507401534 -0.10366893452946231 0.5497923204519083 -0.6452166629022138 0.8507577422443976 0.0005316081183219298 -0.2173037423272279 0.06878684587162603 0.31535660856780884 0.0090118433045371 0.20644665629820544
-0.2448721861685347 0.1383428260833483 0.020045030629440866 0.33159248642581585 0.43083747828665264 0.1810104455052845 0.3310306196953018 0.2831999695128026 0.2948082638716388 0.16349610229649397 0.06258233306128602 0.379249981908429 -0.21489789121891545 -0.17939292669399548 0.19086378857125305 -0.2870877137412032 0.449914201671391 0.27784780844148255 0.6665090440880985 0.07930151566167938 -0.16139067885495367 0.171675800718391 0.4001878884557601 -0.22819569392441882 0.0114256850649918 0.5080386756135155 -0.30056953742865594 -0.1576904257228271 0.20832059610131343 -0.19970633380614236 -0.21923044145408013 -0.025087902539427817 -0.023776642953637933
0.26994812237217114 0.23047492677836084 0.18926331035430866 -0.2741779022050358 -0.3291938044904226 -0.47361469467706635 0.45156459199110066 0.05359539942443053 0.2946948919296183 -0.11729130560799171 0.20647264239810442 -0.3774668678460696 0.23575276640198936 -0.10508505377513468 -1.6280985125612908 0.08132782843892054 -0.13635713538189853 0.12217463414270438 0.2909625628347936 -0.7098594957355645 -0.2134603640285764 -0.00492543848150502 0.24605830387937627 0.4754948746695747 -0.10571840615982342 -0.7208162961962157 0.06859707150622517 0.023776841038296147 0.06426285143671648 0.2793813635025244 -0.7333012218885168 -0.03775640182232018 0.5099679917033597
-0.16629343291879878 -0.10322046388214445 0.4579265851053675 -0.04806779129492307 -0.19776196937640836 -1.0774863584771128 -0.06837162331384337 -0.5509280292423641 0.4960120379414936 -1.0789575656378299 0.2523707422785355 0.31084467486860606 -0.3581036183490634 0.1287040676935895 -0.41340470315791333 0.5832099545870785 0.35281266020219126 -0.013245352226019101 0.45788596995378117 0.3167053073962211 -0.29122617990200517 -1.2739901093433208 -0.11415535021145184 0.3835070686499858 -0.031612256714806934 0.6574397780992332 0.5094603501536715 -0.14093867046751646 0.52870664524531 0.10796569946449482 0.3073762263394009 -0.43447379654036794 -0.09971159970582431
-0.04935176673644734 0.0062066404321187195 -0.14821738289491052 -0.14602303134380318 -0.16073538061800738 0.2776501831398949 -0.5329292902412206 0.26571755240633077 -0.3939999752336628 0.03375456877913528 -0.20798937638133266 -0.041246095274150275 0.06239286808288863 -0.740577352022954 -0.24416426493572407 -0.3629488715191072 0.3732353631776444 0.45364737733924587 -0.6445962435773571 -1.1009163952465906 0.27504191993061183 -0.2787042750892 0.2976745650767095 0.25912439218653815 -0.9283205973617583 -0.044389909787922587 -0.6449581601593795 0.26750411061144114 0.6792668032836443 0.07150486630433961 -0.0613936689379524 -0.6195070627076988 0.3699160977538911
-0.15230881115617875 0.04606015740945311 0.38947760130608283 0.5389648703509603 0.35885244706986075 -0.24244122642290514 -0.23146152801664122 0.2064490661297279 -0.3893040615224212 0.23974946126031188 0.21285799666828492 0.3589028127603044 -0.3217958392240161 0.6847143640129058 0.10846067042427304 -0.46694689263756634 -0.21137159900003336 0.2783175398658442 0.00633538042396576 -0.233796181307738 0.13637689092961044 0.5769289567262261 -0.1060922717097944 -0.07263759687585693 0.30792840585331793 0.518231004894965 0.07522389916260251 0.3313314678259394 0.1520368531214047 -0.0367546309498278 0.016542796202375257 -0.469671051944984 -0.2988802209725458
-0.13981190455532574 -0.06701317713163081 0.3074282031938073 0.4381302533752759 0.39217303948975596 -0.04751710166671936 0.0034905233171651116 0.6290509429105432 -0.2954613807597626 0.31000801581058846 -0.02226909948774071 0.12216335309884001 0.07897493115180815 0.2231491793283643 0.5586536007367349 -0.23998353880967707 -0.31141039194357895 0.46798466931828664 0.3172627305578915 0.22018903489939665 0.36623737249795146 0.22813685603203723 0.21283931317047913 -0.19871166116132602 0.04173845362450468 -0.10618759688964415 0.08133324404211505 -0.2570881838753033 0.12249229319050493 0.2400134026915462 -0.006902958410378209 -0.006005587417090406 -0.3894682959541278
0.19684047514504527 0.45518568712909363 -0.21414595000455908 -0.015176173994807217 0.1832382833763373 -0.2815641025235771 0.1247488860278094 -0.007749542041540748 0.39110774066644793 0.23589017584438485 -0.19445109787065298 0.13164782935322294 0.34617459123811095 0.39536880986593664 0.6674281915582937 0.18715570814908616 0.39149057313631164 -0.01836232544226223 0.48326507177660927 0.49247578923970353 0.06677367503858946 0.4279553559503539 -0.09111234608898607 0.12496415116041588 0.18824895737748817 0.026822754168585615 0.24202211386409286 -0.1685393036227864 -0.20107400352601676 -0.02821374090960109 -0.1179258841692112 -0.41878869320584183 -0.10469723207307967
-0.6944863581420848 -0.018778779122273347 -0.675763739978091 0.06805208443661313 -0.19934293829115485 -0.07964377642168897 -0.14533720971417993 0.07541645288976469 -0.2054218604972058 0.09006417479758459 0.1345893442107378 0.483015339934612 -0.9530649979753549 0.007811091126562019 0.8784000578323687 0.24770928090321404 0.07691906536038005 -0.2923706215317445 -0.15334328762182836 0.23690513506286037 0.006807552640774816 0.28957501382664863 -0.2942449294588036 -0.10049928811419906 -0.020318819193578967 0.1428426111697849 0.17210579961008338 0.42502849845087937 -0.44453635749584325 0.008610076283775156 0.2521702946488435 -0.3266933089014311 -0.31837423431098566
-0.002854540686734444 0.39273032618074916 -0.10120186936389818 0.10550796111185101 -0.043192514728657726 -0.04481673997559984 -0.4677591411184861 0.26312678039278364 -0.2423623482536872 -0.1901636905171025 0.14216622243066795 0.5812138070903675 0.011321392258058293 -0.06468366776016306 -0.08463797904296275 -0.21841588949914648 -0.1736725893703549 -0.06485799762594191 -0.051313169781045734 -0.6894671995123773 0.7184510568114081 0.6060453060743058 0.38807503591760356 0.4496606185879786 0.163947016599666 -0.5055152464429593 -0.24854706593458342 -0.11593964237624635 0.3222434100740525 0.05044339429328336 -0.4883181555523883 -0.3252812068258775 -0.03321061812250303
-0.27921532279287 -0.06968779674022535 -0.06667545620438345 0.027828099595391342 -0.2855091613386214 -0.5103411518512531 -0.3310246965572221 0.1723354289163773 0.08343352068797771 -0.4573078632251865 -0.08144309011460724 0.5329509596390554 0.2556317364092252 -0.3252105747990013 -0.15384870609998103 0.446380122708531 0.35742947283612064 -0.2698140925244485 -0.3375087431391422 -0.5857284163018088 -0.10894339805874455 0.24783524219812814 -0.06468302287399164 1.1485720089580167 -0.26306327059225393 2.6757708851292688e-05 0.34805513169348506 0.4064507903514168 -0.05917757614157461 -0.08822651410274197 0.14779645363797847 -0.24711851581087502 -0.2265137674622508 -0.20785831595561752 0.18214110390879323 0.3439097663140083 0.4311469219002291 0.0838135718629622 0.08241982986480695 -0.02212740890415262 -0.15685830561573486 -0.015068956420741712 0.09719441789983888 -0.4210958988938075 -0.01215604238095263 0.197712763603375 0.19629158236054567 -0.17068767912334837 0.21865843490792924 0.3251388454722332 -0.17347963501396904 -0.20328405924552512 -0.03464388596224225 0.14463634484828095 -0.07115172516360752 -0.07617979777042193 -0.14424699661318088 0.033242057600749164 0.06596004112675256 0.20107452796294398 0.05738835956403424 0.004989327839684338 0.5814281290116213 -0.06045750360733065 0.07100033312531338
-0.22338175560477663 -0.08309737932719488 0.028087575002424887 -0.019098577641850495 0.018131364711674192 0.9522477404944766 0.010901188445595048 -0.9460227223368486 -0.06711525908440187 -0.05617403318863424 0.14068230363752945 -0.42690465701520336 -0.3739393982076068 0.1345599299883934 0.1107149310967477 0.019193358462145933 0.018595876903039175 -0.14038771519627347 0.18308166178017585 -0.13033268940162007 0.18282284851217273 -0.055576414184119446 -0.29725054063375944 -0.169436206470424 0.03707672177753311 -0.49115855413583864 -2.638869256401599 0.009489424616274942 -0.1891961367502216 -0.25333366198618484 0.04564191118619582 0.11926672712895736 0.1838343677606995 -0.24320906432088785 -0.054350579712418016 -0.04953260991115393 -0.18364698024065443 0.13058105832837047 0.9909545044636285 -0.11712917581600883 -0.13165020607799488 0.017998982062410972 0.6415318334228985 0.2599819857312394 -0.30923511878589227 -0.06359064405315884 0.09195828396088974 0.34639588164865703 0.023569854281742915 -0.322511249008189 -0.06955699137684365 0.24293330129747698 -0.845424427103429 0.18505856084071817 -0.3946677430745521 0.31987799962152175 0.00857811880765142 0.37631616474658064 0.29697509980891246 -0.1199818680811712 0.5802559393679033 0.11929878401003892 0.21907046332245914 0.2711864919407447 -0.1615281811778344
-0.3302055996074374 0.3257656747330959 -0.20696620526672294 0.2610328472404305 0.13715340402624068 -0.40488507751034924 0.19175825434491248 -0.33874268372930305 -0.09769454373287649 -0.09638959985691933 0.18868987065949833 0.44279860039006946 -0.06405552077602175 -0.3849021241877681 -0.06865882397241961 -0.07250393131504522 -0.09031847431227392 -0.09989272475410947 0.2521144318439015 -0.8192561037041711 0.041964095013284144 -0.7815547402683354 0.3520736442522902 -0.23735510045124178 -0.8947132150209497 0.027991890533787124 -0.4898696055322335 0.21667466758237633 -0.3613709329038777 0.10564709387817173 0.2088939357522587 0.3129167914864833 0.29299489953632674 -0.03838149954261457 -0.05391197932155253 0.04787441202577701 -0.30773014799348125 -0.1960623547410319 -0.47724880211785786 1.6775247576685437 0.06688678275469583 -0.36306929672378646 0.3063487703487644 0.43852242076695386 0.3027974436800196 0.2498030221642305 -0.49235309814757117 -0.22154341982758005 0.32285800948641086 0.25390790928782325 0.06549303201629468 -0.24321996624409967 0.043471208875630246 -0.007775352694035369 0.42404250315016045 -0.15065071416137346 -0.1807808006355876 -0.04050173094596123 0.17427801682128735 -0.13072007722484985 -0.3139886750790994 -0.1269788315523666 -0.2742210477067369 -0.06745406552506557 -0.01057500465819834
-0.3697801197606263 -0.10106363499247029 -0.16453264511011878 -0.882246882997152 0.7172405511992324 -0.6384428121735757 -0.16083442077351304 0.4840483274629993 -0.0962146840803035 1.4134508911804378 -0.015537415129540908 0.13998599480391352 -0.3450481264751748 -0.3872711997551675 -0.10571395112201566 -0.49124577663243224 -0.10177901745389063 0.49265263480486415 -0.3129297262306962 -0.07233949208030943 0.1680675553554064 0.32116110446195173 0.07380601133912912 0.9765433197813687 0.0923796690262295 0.34389340463033824 0.5143488663699166 0.4921699893814768 -0.41691184027967804 0.7895814659397596 -0.07888015066540813 -0.09886206406402748 -0.27225466425190703 -0.05439603280803462 0.16117884325021986 -0.054404261947341936 0.17274606212366825 -0.0909589027051305 0.13169615808981414 0.20668527907039536 -0.3090135643468849 -0.46136732964136834 -0.20528484542263747 0.19566961513048228 -0.30902095672460966 -0.033840802882243545 0.09095728641998899 0.7212169444455532 0.5313031276111609 0.24695618899104496 -0.21910516450790657 0.34049747821672616 -0.8148201067418145 -0.27195039045034236 -0.3816361143099483 0.19324200056283336 -0.09217588174299912 0.41835015294153105 0.8748974448511353 -0.4167487133327214 0.06332334854594511 -0.18110541354500823 0.6706054568970243 0.40368142196099044 0.1749693124986483
0.5014178697520452 0.17675789669593436 0.29731053039021904 -0.6611952636389299 -0.040028419883753094 0.3752435018073573 0.35950485986283687 -0.032965334503349 -0.025189901740711878 -1.9675164562244218 -0.5939414579667988 0.21568203107981238 0.7746906458947596 0.16474045566606293 0.02141492956343682 -0.6263778383260314 0.057916148103059444 -0.052572258341230894 0.5093819092189334 0.026730930870229194 -0.4756629133524625 -0.22158189045415908 -0.12222292461558106 -2.735071438358092 -0.44397277726704365 0.003798686122387098 -0.20462472810270552 0.3938349598035276 -0.21848879936130702 0.5753101690336012 -0.4464406261656803 -0.1067804277726797 0.07167247260841374 -0.05321681186776947 -0.05490527853316923 0.02551848709104384 -0.0021104702743893937 -0.33763144478639273 -0.06452306529378703 0.10793710269240588 0.46458170109602487 -0.08212465312849536 -0.025654740151013503 0.09627060206482267 0.1024414161138611 -0.0011931865276089287 -0.6548005172250485 0.11015220724383024 -0.05563375960168293 -0.36367633692293827 0.1354923397681321 -0.2676090611136762 -0.4876328574239575 -0.12181443386157706 -0.021711355321458396 -0.042941036207495786 0.1629273486293015 -1.8808720912421877 -0.21952720624584757 0.023164655066434774 -0.1457393451150127 -0.3264299211422155 -0.5336536004204818 0.08509878863287659 -0.03052547966734084
-0.5155105410442935 -0.15273300782071686 0.042857602726840985 0.2423039863462573 -0.8264554098565103 0.3312727731375833 0.1810192956883851 -1.5226199977765105 -0.05963250189636339 0.6713644809647088 0.5027464335409109 -0.20511738396969859 -1.574689733079844 0.2793627663115428 0.17085383741919308 0.3825804558888625 -0.09026292472794548 -0.49968589048333056 0.05731151436309111 -0.2011773461431675 -0.7656872573144571 -0.08998787911615824 0.09913028247890084 -0.5289997957842243 0.0349157080899771 -0.010474012559634416 -0.21257209580515143 0.014378682760762165 0.4949174246506029 -0.4697244850983564 0.1268697171657743 -0.04525035409460033 0.14806039390363798 0.22319696672383849 -0.20347774789255785 -0.34305197221658057 -0.004289977736134922 -0.23241790423822398 0.41663356685530367 0.3786959752390081 0.8508491767826457 0.019020895990007235 -0.2341797757547407 -0.0803985782896532 -0.19133819874488858 -0.2604673455934477 -0.1537501686362698 0.1546355095552042 0.2703017246968557 -0.14590657722640776 -0.06926821198227004 0.07197260823163515 -0.19794247050118344 -0.506522081828347 -0.019816156818280348 -0.08369032706551834 0.2414951504954176 0.34128909938989804 -0.21092936713424174 -0.12163980606875806 -0.26678625791900923 0.1055549779672696 -0.15597344551188475 -0.08654969984935365 0.04383262360168187
-1.3078364551539932 0.09387832674332298 0.2918637352017547 0.2130001586255738 -0.6481701607449839 -0.16569416509674195 -0.31003523887225176 0.041313836959081175 -0.0309099907736008 0.892386054664468 -0.8111972530192224 0.10462831620440749 -0.0158686306114105 0.03906275405416901 -0.26497276019539673 0.04040003264862673 -0.004945165248297259 0.0456477274062731 -0.21876364429365908 -0.07123301355226556 -0.4306845614008553 0.5136835404108905 0.11755277315398013 0.47382050356318006 0.49819046802267336 0.1315649621216283 0.10453094680251986 0.18056589714334886 -0.024841014831044464 0.9462279546800376 0.32393881824870335 -0.2816021971560789 -0.32566912237380735 -0.3504414757850588 -0.014665654512861509 0.16387612684697228 0.22772697677998258 -0.14078959693408588 0.483187481160125 -0.358566427333168 -0.1505418638787629 -0.1959999167990664 -1.4977075542865195 0.23219381121865895 0.061880515117679995 0.0875077556034739 0.06740471996387348 -0.7836445751987521 0.20983538498121987 0.19658647201002102 0.17542628402996288 0.047180771076096376 0.00229303661377932 -0.2949222670312058 0.3249391326820129 -0.009203106837034564 0.08852001614071955 0.0994374273200322 0.322575230661318 0.05712086882583353 -0.27476860873844317 0.18758265400835106 -0.022547170158067807 0.20322527029121218 0.374451402361889
-1.0681491011067388 0.2836208449927395 0.21352365219624161 -0.3005715445541271 -0.22174264814850014 0.821771835468438 -0.358338890813268 0.8439828348088573 -0.2611324926332957 -1.5251723674455597 0.35529856745704047 0.6041369435365392 0.10232877596810172 0.50863992372855 -0.00437786813624246 -0.14899117634400463 0.16475578301971605 0.03667716720497914 0.01031022684050878 -0.7848055293730917 -0.9666572446441314 0.46328127262503005 -0.24483683482923546 -1.398909866252377 -1.0687136970267106 -0.07821273679228365 -0.6042520185630187 0.18112584853899596 0.044818009796697804 -0.23275544778944576 0.032793229728945134 0.29479128637988733 0.11808327567892457 -0.2650985101738929 0.13181454112852484 -0.06085433542664049 -0.3484324681278098 -0.22977576963686294 -0.7089241359723726 -0.5551952873714591 0.0323282488657439 0.14092764800024882 0.5568561870753179 -0.25029661392989444 0.2794916249866965 0.3204194544615521 0.27563306457689324 -0.2848940983866728 0.6205705788821313 0.14943383065075164 -0.3652812788108065 0.36666954926899153 0.7759736347284482 0.5032355774661811 -0.3321911850823629 0.1735148175670332 -0.2355250335151191 -0.3000644424034017 0.06084833923561739 -0.11277462267698442 0.2908467510331339 -0.1887242436855128 0.1418966921892323 0.3664180731205205 -0.058993120034738916
-0.16571393322090652 0.44988697205350814 -0.1485146291360193 0.15467372274259236 -0.006515971404402989 0.5903910658837997 -0.1854251518777211 -1.3390518908048825 0.1292896338519667 -1.500394911911768 0.03534650931441365 0.2793776130725419 0.29834314892212516 0.02386283343651472 0.035210092716053576 -0.068879149387865 0.29216952637977434 -0.17410140278239458 -0.5376501420976019 0.23354172866561793 -1.150417588622359 -1.4288284605359114 -0.059983144479131556 -0.6623913413796252 0.19376620679167472 0.3435046020077065 0.13514125856528642 0.41854168671477926 0.41976117073353997 0.1806331821927209 -0.6887172273861518 -0.410403967611828 0.13944843866522835 -0.1167648179565932 -0.38203736460617815 0.1424529687024523 -0.4689203232332469 -0.17137297138353358 0.23002284853528512 -1.6882482122178917 0.13769628608021606 -0.26231553621454623 -0.30769325807706704 0.39128049800714393 0.23588659055209985 0.16899830349657802 -0.11120232350033285 -0.1574606542128637 0.2779606030788099 -0.10521162173096163 -0.19315944544361485 -0.4902053764814865 -0.3887675113577407 0.3083711898372967 -0.12793070927165154 -0.008672536958679996 0.43703854495317207 -0.44712856949706925 -0.10276667629466694 0.19033530452849942 -0.33485847114956463 -0.340902816112668 -0.936265040152549 -0.05496011541057297 0.45012695545648057
-0.11536010725823499 -0.3903916924177551 0.19999221251408728 -0.5856350766993274 0.4197652594177656 -0.42636516637836774 0.2119880777824733 1.023503336093715 -0.3211168332771033 0.32875716992868675 0.03511754544647579 -0.20596594102685936 -0.14075184203268962 -0.2922031440794795 0.19333525377662697 -1.3684365402511947 0.1941516019191061 0.23312738623731982 0.04840097979996265 -0.511756396466768 -0.23262706517223952 0.27867530018108516 -0.011568056159957088 1.3159648509767516 0.09314892448202212 -0.2002516678244073 -0.34764163649272906 0.2756588840394534 0.23212009283732263 0.33792983227610857 -0.11929190387524091 0.44245169146887114 -0.14201454086540877 -0.17129257093828965 0.12038994345991025 -0.5138430904997686 0.3236008484555666 -0.05313672775060911 0.6861858814833949 -0.342880268834338 -0.5435881450396508 0.028787204343446834 0.4310336313927798 0.6309224569443221 -0.31583671351529113 -0.10235487521476458 0.22040104095037408 0.4180986109452934 0.14936752516089724 0.22834797830334821 -0.06617365906375407 0.011869150042939978 0.08443249034713522 0.18670919416860973 -0.08309157531160326 -0.013021156320016422 0.1270953382079743 -0.10931699816984429 0.12146771611386527 0.10830599246283669 -0.02146842921206114 0.15269686328178572 0.5852386984135999 -0.04186398779897457 0.20335789955914105
-0.050781899262781136 0.07862305902285285 0.1700905384558982 -0.3200053278080066 -0.6506733032524243 -0.9445474617022565 0.11188149737570455 0.1952956968086784 -0.06717378570970475 -0.2709992693469831 0.20270995979856873 -0.3124466808235555 0.1958848825319382 0.1454715940129314 0.2926036664125613 -0.14403070839477358 0.0026148299262818233 -0.07779024098738105 -0.17695154061705248 -0.9515888133400738 0.002236833071000096 -0.027017921313381613 0.4736018870190419 0.26275612042628976 0.34550646096337745 -0.24450927226903213 0.4482482344174774 -0.025298854919261614 -0.3686447571171825 0.04089872684981466 0.2975894862115601 -0.04500955679704462 -0.04790424197965847 -0.18167165565537868 0.29585728500899244 0.2464947993658594 -0.02068637332072864 0.39620395665849667 -0.37827434711609803 0.23578931630701183 0.16496366598525236 0.14061371755238147 -0.689910505797442 0.1450475959408449 0.21396768376152006 0.13343468399630767 0.11531483040694378 0.07402049039999045 -0.47145623317985413 0.25271250011624014 0.05527824332227247 0.15413267701026356 0.5005307856300977 0.09715405510720897 0.07515820977799478 -0.13094311109915766 -0.01431273886381338 -0.005897906303083379 0.06206564033096832 -0.081543491480342 0.3725606721280759 -0.1258704269898371 0.40543633562123904 -0.0872650437302156 -0.07036705287887593
-0.04790628649042479 -0.05794070805340922 -0.06568870979169927 -0.14735964596639436 0.04726592857260177 -0.08608617312996872 -0.0600591520705568 -0.24912487319115537 -0.4852851323916828 2.815610772153663 -0.4033131522067566 0.4709945090594289 -0.11282149433392287 0.47290039437364634 -0.11616768656491659 -0.3582587654331424 -0.5116775026143984 -0.33628570576237804 0.39103852297758895 0.3864657812280504 -0.26078988894159194 -0.1367472015922139 0.07045620009547413 -0.823969443606324 0.11147837497674994 0.0373223974785346 -1.3776179428377424 -0.13844629563562086 0.0057177699053852825 0.36492694752893223 -0.1487806999725132 -0.179394188833399 -0.11207696476116985 0.18721438255010867 -0.2787277229547371 0.11853343274042429 -0.7089886023341407 -0.5384976177693378 -0.3008977710140609 -0.12493020936770184 -0.01294553833709862 -0.6640561552949876 -0.08783755838080337 0.02650948790487309 -0.2810463239404303 0.2059261738216651 -0.1079805092138033 -0.3637305187973074 0.37199618373016197 0.08646214671637731 -0.0699918703842973 -0.2980820655163757 -0.0694082819860352 -0.35715792995048967 0.21291657721908308 0.0018017869486790731 0.04154664868605064 -0.7703323603315382 0.33644324864136366 -0.09388817509706966 -0.6406149071697737 -0.34280165071026375 -0.5800966860171135 0.24936659476111211 0.24566235435868897
0.1643120207524284 -0.3260076630548709 -0.013430754283164531 -0.06654800037572241 -0.17699533751786528 0.45267503229153233 0.18681673123090864 -0.6340756944024675 -0.4444153126761595 0.2057864050062019 -0.16805992650359522 -0.047481870035397764 -0.34790952718110296 -0.04321700780721712 0.0020613536597078857 -0.30275874788178675 0.18244823165357388 1.0020595417525449 0.19050315910319338 0.060376923750666195 -0.23559461234969892 0.19280693067951551 -0.11929402427442366 -0.4446877600884584 0.7366559878071591 0.03572136775590963 -0.5252360362449362 -0.4913058912309087 -0.15320568276977775 -0.16106954978186164 -0.03960258889757933 0.4443246191770456 0.09585771741358094 -0.08381225400996213 0.030090160634681135 0.021627451262652888 -0.38142468214128417 -0.30462537623187164 0.22535343709408673 -0.11645640602347232 0.15243935701259048 -0.01890917355153197 0.32776145879577673 0.2904825379217101 -0.14525884245848505 -0.022717055315597114 -0.007162570484933802 -0.2702994816221771 0.15532132658079836 0.16093647223734509 -0.11180901674305391 0.3097377951595787 -0.02544747126560861 -0.2138350826923263 0.0742678244794201 -0.005844088577503038 -0.05714109783730409 -0.22077320022968683 -0.10165363734622913 0.074828548059385 0.23983801488326986 0.30538028414060603 0.2911496131857948 0.31273633055571626 -0.08433919847780164
1.0547349582769743 -0.08090504343990357 0.31663813973233845 0.18413628045088704 0.2713368557061556 -0.5035390763441707 -0.0246438446271208 0.5148669496797686 -0.1310393418262284 -0.3167783540429126 0.20954565883370954 0.40369207988198896 0.3865350274168151 0.08384712402361859 -0.061320115219943204 -0.0025539502453497875 0.0631312873879621 0.3534665589320413 0.012566683048372567 0.1231973753524513 0.2952410438910388 0.003427938120087388 0.7613256936618769 -0.023076746360203543 -0.1970311937220864 -0.42982997827659136 -0.17622264523891765 -0.4965943109012683 -0.20478689631831787 -0.1059995797550933 0.15541269415629744 0.10275146436135423 0.24325585809739717 0.14811185549130612 -0.08455764743490117 0.158459457550328 0.49937668265755064 0.13918316027052413 -0.44735277977084664 0.6082550706300445 0.29137707969896665 0.36122400810581273 -0.7659897241984296 0.1732442695632534 0.46417712831956215 -0.05322378568039557 -0.0401867019339718 0.008173014202464373 -0.18009960927693272 0.07158679985696068 0.3283105313049684 0.31560782578041424 -0.03623046830892757 0.19230890778977225 -0.10631903313059995 0.056040651615225895 -0.1717722357536468 -0.11054725992845263 0.36767851451682354 0.019846824455313567 -0.022853073583579075 0.4417839041649627 -0.1794656127170788 0.14901757176620642 -0.09428717420110858
0.04785176200235728 -0.5593603935020465 -0.35055680163728153 -0.5258813096974213 1.122257589232316 0.0723865683748043 -0.13516926684412744 0.8802435571739302 -0.3643426529173531 0.7788693260263443 0.2428474397791118 -0.37792637284720165 -0.08134578073319883 0.012125848314924836 0.2138425375264074 -0.44766806404161996 -0.01529098513419283 0.43761471310075195 0.16665149408747745 -1.1525305738313054 0.06957835633938704 0.2753340125437148 0.04332928424979542 0.5567358911008357 0.00163825882665252 0.02845957702936921 -0.15279897955762392 -0.4978414206954763 0.04122649178418408 0.891881615980701 -0.32056605209645617 0.20615953869457837 -0.09139929408351703 0.016655692831660983 -0.02630200007814895 -0.007321400368375991 0.3768738419494413 -0.2114397031279922 0.5999002469066208 0.23574939488012614 0.07065547865410753 0.025659416228125953 0.2997399269607767 0.18054338942200202 -0.1625236116029888 -0.048975299324293696 0.2532880669753559 0.7032492148190435 -0.11014901140772843 0.3109564435163711 0.006465722086129399 0.14939956961120876 -0.7462886369044817 0.1466498418239961 -0.701743604661084 -0.28129225372028277 -0.018257447098454203 0.14510409241600566 0.021247894206074647 0.1862915876634013 0.047642629251497405 0.1490067155007045 0.3509870071116862 -0.12368183855989877 0.04949394058130419
0.015686203428785937 0.3024627645522402 -0.028729501966083867 -0.10666776962486738 0.7295457505565824 -0.2852650851792102 -0.184364686849715 0.29699166877029676 -0.45951655054442153 -0.8627382453970763 -0.11357734464367042 0.34780779125931693 -0.18053334725246256 -0.07967760604150666 0.17383742435133134 -0.07410866841594871 0.03701838491050216 -0.14286076451864274 -0.2700539659728151 0.04136844601854084 1.4043759861980096 -0.2820158489756252 -0.18805844401315489 1.204288186002864 -0.19774261916912278 0.47560469191072297 -0.24071639722764973 -0.3308881300230475 -0.33967769019696076 0.5290968464675948 -0.027199453590358687 -0.08954820849440885 -0.15707647731785834 0.16940720591755953 -0.14477708244343976 -0.035436181994538504 -0.6861844676076398 -0.5269835690582853 -0.05203988628934639 -0.2122912670192262 0.23077164264981534 -0.4975823532264903 -0.6742444647505804 0.07792637382981854 -0.34156020148094024 0.1901521906333153 0.19827608358781426 -0.6330970997268902 0.12556065115921872 0.5179976000713242 -0.16635862045339986 -0.08305778862166704 -1.898028323260642 -0.4664883549648771 -0.6795490628398847 -0.42772784844511214 -0.08673498887339826 -0.38535511239451026 0.5364784246003702 -0.4879586148564049 -0.18026671990646673 -0.38596461774147095 -0.1265099696462187 0.3525886693771784 0.30300832344517414
-2.2040893332706215 -0.5369204107482483 -0.4334105774517495 0.27848104738000495 -0.3441345539082003 0.09045121343107615 0.018540250048744832 0.2949739446405263 -0.06983710672042245 -0.03276741672355106 -0.20975546715572008 0.06156450695556387 0.7918165156349148 -0.3615804437602354 0.09343780515174469 -0.24845414823088746 0.11797204234407471 0.2658742157142736 -0.4986562777919208 -0.2143629101260593 -0.028322737030050334 -0.037397361823492695 -0.17853820039550955 1.5001640892602934 0.4469422379113846 -0.06518483703091126 0.5586937913289706 0.1604900292144266 -0.06751025873405854 0.31969128508709627 -0.044268205286779154 -1.498313705518885 -0.7746450649526913 0.2058023597503918 -0.3332732404456618 -0.10433460332760588 0.2988293613154234 -0.10941771460216271 0.04028834268187586 -0.1224804582771597 -1.2484541795113515 -0.19610149070908836 0.35219815830836804 -0.3343552364044172 0.2317609192296467 0.006321783645761219 -0.0559238246211969 0.22181627451744199 -0.02901441590067802 0.17724023537057393 -0.06270488068728022 -0.4038280872716783 0.15492285576883266 -0.17683237892741618 0.3022855732857758 -0.10498619840932943 -0.15464619836329738 0.04144271955158693 -0.14614967232679896 0.11256001278893359 0.27791616381082584 0.12826783681742004 -0.0936025490484439 0.2323204464464069 -0.07860161870703541
-0.12024881792752064 -0.3135779518508557 0.3755723220221811 0.5683880931398747 0.14734930109438626 0.6770194352310088 -0.1295353971619381 -1.1318200467876136 -0.08732134208409563 -3.117308523650632 -0.4163691923364852 -0.45575124418665186 0.19937401260367527 0.2605218203960208 -0.2985437805573596 -0.050689646160500174 0.13626962369166074 -0.022547449654370208 0.10728303470212534 0.5670816355331096 -0.2077700310028973 -0.0920372725072927 0.22832324369636334 -2.863071223630714 -0.16132241241025777 0.11799711187394937 -0.04521770915433877 -0.032712217350433136 -0.14351169979021722 -0.1712668867189922 -0.4270828372652012 -0.2293714668331194 0.161479589168783 -0.36102314618930825 -0.03637567648606167 0.041186917678174485 -0.15132151362161836 0.14827442616762748 -0.34271734013817884 0.2307433958093337 0.583271152357624 0.15743135085492646 0.004368924302548626 -0.41564579902747606 0.18231688605702182 -0.27309033938127186 -0.46449195191089726 -0.4638394647967238 -0.14060194861709946 -0.11851241835718707 0.4777492614460502 -0.10710926007912697 0.07857858902963431 -0.002441881006597191 -0.011184084539070611 0.38524416070975365 0.040240139388883336 0.5344019054223867 -0.032103914588509 -1.7187694429972002 -0.2354957552722853 0.15619354982040776 -0.04790233133270678 0.2657396688778373 -0.01937366935472884
-0.3241972809628395 -0.2453944065106273 -0.1900176073342142 -0.043733208317932044 0.5831812338295752 -0.4781982389304722 0.22670430157425595 0.7220197596440715 0.22697840753484666 1.1340201276847044 -0.30769993996758616 0.0640445101413643 -0.4760581773939757 -0.15303724577924102 -0.17279183309792717 -0.5977452569556346 0.20049141849564664 0.38553373219704923 -0.2970984131915789 -0.6286177033674291 0.34726820776904715 0.27356339659607515 0.22139578394627837 1.1925009092172634 0.24265377961094775 -0.12302630781811714 -0.20653050786849722 0.24368988815418421 -0.048987776770422806 0.4238596456838639 -0.009718807844611809 0.0074314011533211915 -0.20040661358738887 -0.19324355596662104 0.20278389639046845 -0.11713730072536487 -0.18227839198597853 -0.39977944643606506 0.2666791316365851 0.1312403529950074 -0.30564014557401376 -0.13472176459101684 0.37061672323046835 0.3270578187311456 -0.28110125073441566 -0.38589616931220494 0.12210862994997088 0.46876319448940934 0.22100293096027285 0.16447781477103246 0.20626428881507602 -0.005954961418271843 0.22113835502581897 0.13053446400471377 -0.5678659176966496 0.15576702473975737 0.31279012697223973 0.33484761415962033 0.4083423919456924 -0.27053703491376396 0.057265900870581976 -0.13020955651798818 -0.030469102345370383 0.36217877604539156 0.1340979410992285
0.47971036763975755 0.3949304176021321 0.17910644863722588 -0.1879037766030031 -0.48106315685506135 0.5586715113310061 -0.30726257702270143 -0.21122076162249687 0.2662884828896657 -1.291171672304428 0.12281470536564947 -0.07306664650303087 0.34852197458989675 0.14711061064822864 0.1588771068965221 0.13372303821543657 0.06308200825888666 -0.649772990869192 0.046213085125896794 0.8994260350804432 0.07050034218641545 -0.22133211106879652 -0.14045976716579264 -1.5198929093416442 -0.12484273068680846 0.025874232054246597 -0.055708619842420044 -0.05799006104833087 0.20638605660569037 -0.18480680106908592 0.453174944374768 0.3280717864141122 -0.015780415877357703 0.09257783200494364 0.16507929755405157 0.1363341388778597 0.34777600012150195 0.21919230850594743 -0.16239772668490057 0.3964303662978968 0.3836718283188292 0.08359511030774451 -0.22673532016526116 -0.064906238763742 -0.011469064528576588 0.11418374148417448 -0.6254792818443711 -0.5995178631490683 -0.09233352412846926 0.2197318438775501 0.013830559038105514 -0.18303430457731726 0.10334033458187487 0.04500463013968603 0.5399268928590341 -0.11928789687370114 -0.025274235907140227 0.18307363595495482 0.1528850812979914 -0.23056019811508655 -0.39491156891980456 0.15573482790211604 -0.2807111404947381 -0.2690693424328384 0.054533461240208074
1.2832343465979554 0.40637574953675343 0.16832575385351164 0.06517058874109648 0.7293983286293299 0.9092632654232529 -0.4555371753492878 -0.09243327794798319 0.11291898934150522 -0.18063790439637195 0.01575200515559418 0.18029775623614483 0.022753674490994302 0.10359811865117756 0.20387006748697278 0.34369500284645405 0.07215328626552187 0.15748546624813184 0.1668565072117814 0.29360263973323014 0.09405972888130103 -0.2479431140871033 0.08258062026478317 -0.6212078477527276 -0.13865005243415818 0.004894343890927551 -0.2758407795396943 -0.5858657215434098 0.5585326035747578 -0.21530688991740157 -0.036402626527238725 -0.199802408633048 -0.16475650994250865 0.09108871104406731 -0.2815458880039715 0.1619967248578462 -0.1437336359644855 -0.03801117633035886 0.16693660961916254 0.43886248578493214 0.337587844673527 0.009099934726821336 0.11468090537615644 0.3969979111281815 0.6234038999880724 0.12975245916923941 -0.5129589463241372 0.2727422829030547 -0.08057897832925508 -0.11862448874961994 -0.1365929962246294 -0.0414847432981802 -0.23466361880544676 -0.006100785652641707 0.10194728753173166 0.03912539293942594 0.30438979277000594 0.14977685916897393 0.3156223295823634 0.43710230858938093 -0.40979904089317193 0.2008944425062366 -0.096837861261579 -0.41677236443306565 0.13800940329801667
-0.27886632746540135 -0.10807341346543191 -0.12483425528049531 -0.1329156921353739 0.0394414574360332 -0.24723641161315033 0.2959673081759283 -1.0124994142198653 0.09640176153380671 -0.3488685921501707 -0.03872397132771887 -0.520697938043022 -0.5709700795366741 0.03829592433320932 -0.1821972808515837 0.13828910453838963 -0.28774302219046766 -0.038904445761622074 -0.5887600084970996 0.27504387487868714 -1.7689779765011269 0.39882856706317876 -0.1707556122212136 0.05808538584768503 0.4889294998702666 0.009936005921442819 -0.05722339673931692 -0.5818708742627657 -0.07798573921442353 0.06007872750936323 -0.1966069511326025 0.40672429269271737 0.19150229776947858 0.2820545526684426 0.42536897615446934 -0.10191444024435378 -0.03396179294713914 -0.13429640240008092 -0.18618749174021337 -0.03420377412121477 -0.20773731689811997 -0.0036831461830295377 0.9110511432174664 -0.11564318012717716 -0.4744132820092961 0.20249530163563945 -0.08257096397551832 0.5814495943895515 0.24847592138300642 -0.32865009126981704 -0.11214350454231371 0.14831324602996881 0.3510454486524647 0.14966464667498855 -0.1369933684671775 0.09169962554673118 -0.23848164423588886 -0.22748696135494267 0.10601479820442869 0.4135308976736656 0.3812248790424739 0.14798953903082743 0.6881148976378341 -0.007763532710546867 -0.2772703637167065
0.47870509905821224 -0.5943205200775632 0.14471076070696168 -0.5322253522263416 -0.17352763812845853 -0.2947593769842408 0.024049704231135532 -0.14483535596452982 -0.39010361337864985 -0.004969637567549719 0.294925733988831 -1.107075786389514 -0.2698463055798609 0.30486186262536985 0.2943193024249895 -0.16438677475611888 0.002027330637617824 -0.35507031617201 -0.0235923181476097 -0.20148300559085294 0.44626623451419156 0.15356200964349567 -0.16785971632440724 -0.1928809380550158 -0.31671477876483933 -0.4990084255344303 0.14485932260567042 -0.5174336145630465 -0.6245283453986847 0.3917345412832064 -0.08662128826667759 0.38793626478259174 0.036176250598029924 0.21922498787089412 0.28923801742568395 -0.4451403101617019 -0.16940098171619614 0.25018398946372084 -0.5457207390556769 0.1012873263195715 0.018663224623099457 0.08910844309002312 1.3121207831739679 0.07443827995067674 -0.05044273135414145 -0.13566021649205912 -0.27616061575803924 0.19159145848714773 -0.5150829976478608 -0.0652095784817729 0.2832112896142472 -0.05905695769732863 -0.1055537428755216 0.4615880699399402 -0.28011841310705804 0.07858410987676907 -0.5664114256633388 0.24029521166563017 -0.21011679655093563 0.13680963564508092 0.4244984783031411 0.016870564740293876 -0.42072931477122333 -0.16756758483322337 -0.5444941428013776
0.9225917903372075 -0.5390203216367891 0.009490999185678452 0.07242025499125149 0.4426323162669377 -0.6304019451645632 -0.5578091835274892 0.2627294873653704 0.08698519873387807 2.6335712733019387 0.27235212378751067 -0.20800056700585892 -0.3265103520542519 -0.22980958017455508 -0.13713113435836563 0.289048769609755 -0.33623654174786566 -0.25861705811481334 0.6306449738133849 0.7309624388218967 0.1214403466587063 -0.353135600789498 -0.10818820489623567 0.6054544310121934 0.2693529824151433 0.4015534205881754 -3.191329759348129 -0.2511950568027388 -0.22721342204015457 0.42230416288866784 -0.1764539554802755 0.065941325711463 -0.0539581553958597 0.10898664650019715 -0.08556079286201917 0.029335092591233455 -2.693817607210044 0.26259444543518756 -0.4186963691318968 -0.15161846235171453 0.12582330981175613 -0.24833568179668009 -0.8283474247678803 0.6984724749747542 -0.2527025207246388 -0.040289469955465174 0.07991725527782931 -0.09166799228881681 0.40131209446851956 0.7064047379952567 -0.3954147436801069 0.11883964750842929 0.11223002237296542 0.03564027704571168 0.40449111899301426 0.11963852564660171 -0.07532304995599792 -0.41630870436971035 -0.24222609581918372 -0.47282788120008007 0.018460754369263293 -0.14875059834073212 -0.18906680994188316 -0.12132755768067824 0.19205697283177095
0.17111405708555635 0.08014153204016332 0.034871969790744334 0.14879734185544724 -1.9800588135113324 0.29786720542691003 -1.574768752073814 -0.3593115348375925 -0.048379175222257605 0.050998864830458145 0.14662473029731302 0.12246360925418 0.4484969572185686 -0.06011612753010678 0.35153794187448567 -0.12307857493973356 -0.19891586159244823 0.006077014556175258 -0.007116218508355443 0.8094250130938105 -0.0668719560286143 0.06720151587106558 0.08992803579395868 -0.35922710501637367 0.07316952668466438 -0.07670635416481308 -0.2152483635853135 -0.27752125579031883 0.1926856963318813 -0.4840054032283539 -0.20429812379893456 0.11008163694732181 -0.4453690369600043 0.3491808007888403 0.14814505495056213 -0.32703182304341766 -0.014364412881773588 0.07187801382418664 -1.1827178572083026 -0.028183671978395827 0.3798568540449218 -0.3413437773167948 0.08725835311835364 0.3535893283643737 -0.27571722222541317 0.03451021262632966 -0.8432866684083726 0.18889142117839847 -0.7758598492083203 0.2625004034251285 -1.1393198170336616 -0.11859775951504506 -0.14105541767884608 -0.04245322660324559 0.171289456921965 0.06982523246619114 -0.03159128444338348 -0.017886278087573777 -0.05785188401794674 0.26055636960559936 -0.13297402220818255 0.07476505395708853 0.13077034465817422 0.07144557272024066 -0.12277551623664275
-0.9653804571948016 -0.40058174564343163 -0.32209488939600084 -0.3166649546099387 -0.6270476739314995 0.6556165496566507 -0.01024166347441897 -0.3681082487673877 0.23892155262336826 -1.9159338435853521 0.17269599304526936 -0.47343963457990823 0.39974345545834444 0.02010305907627771 0.16216433653233803 -0.08264608872473532 0.3043179772424691 -0.0746591836818922 -0.4375993533441993 0.2635635941514491 -0.5027183288602299 -1.9371951400170322 0.04173919542261507 -0.8008900708751521 0.45495216934500377 0.29264910156997775 -0.1114999693384354 -0.5242501195497756 0.4463416322006375 -1.25139087434233 -0.10821426606059437 0.6056484829009717 -0.3496809306552787 -0.12534830921185483 -0.4984170175197538 -0.1513295364588504 0.1325158022443579 -0.3251118058139525 0.3448186019867063 -0.8062372015411425 -0.5534172308133788 -0.356550174952965 -0.48158997299651535 0.6400780230094731 0.2906843867731569 -0.13737640787914748 -0.48142612529807527 -0.29867697648781183 0.3965650291124901 -0.4176735106990116 0.2891885398507904 -0.45140708776891403 0.25277080986142736 0.20847964676087904 -0.02703734271876549 0.02309192579331108 0.5166570721558154 -0.36208292739926656 -0.20373377901424522 0.10466941691386451 -0.372942449117214 0.00025786575320417733 -0.5096902462029296 -0.6263097165030982 0.3396856798902319
-0.625985802804462 -0.28293227044189095 -0.08285788017684065 0.45372905191134794 0.06016305473467443 0.5946922301515741 0.09019495069797101 -0.21096352365578427 0.06986132920545682 -0.1844027210093962 -0.2620221333328228 0.34147874383140814 -0.2535816792388098 0.40058575738140867 -0.00677793898340476 -0.04029162662326965 0.22095623823675736 -0.8874770324362191 0.3387273482934583 0.062109014697256104 -0.12770642863526366 -0.289865958112902 -0.08854101547998623 -1.1881541577317603 0.06628087542787413 0.1485942084953467 -0.5645180967808845 -0.5099167690386879 -0.13094339713734438 -0.09375836035994074 0.23142739059278233 0.49105713737880874 0.242047008063611 -0.06031158456007644 -0.45089678287524404 -0.3942975808365763 -0.28875617726723146 -0.04090371182947019 -0.0015421953223107086 -0.36850865525865784 0.2113522413693642 0.07399656415597704 0.17503392425239933 0.3410956237914342 -0.28812373758613846 0.1798905049796184 -0.20165315624713956 -0.23011150611010223 0.04491186580681944 0.08830401040533821 -0.3508757613641394 -0.19119139846775574 -0.34654610159156396 0.01566005425358983 -0.14639729463173923 0.3103055517338335 0.008348132750104894 0.41822777658723176 -0.13769039464299818 0.4799442272001305 -0.14338446112627112 0.12766158210348216 -0.01795889007707548 0.11920216457752557 -0.07173940939537043
0.4083700756143336 0.19388351345840757 0.10021271981735952 0.21704896494434514 0.6706368638746021 -0.278711096542222 0.6977464543576309 -0.08234907594629823 -0.35984286958712236 2.1734169831582313 -0.19403766160939942 0.2577078129271564 0.11582268461578582 -0.24552443983183078 -0.09045296100403093 0.07129321953960634 -0.3775946430532944 -0.10520154649170936 0.6941916374222633 0.07659526754792653 -0.08196749257306563 -0.42483713572919335 0.49894546771950044 -2.706083089492018 -0.6884716800721296 0.043346094773220684 -1.7281260517763821 -0.23976390033030967 -0.6675468583929113 0.177210893935073 0.0686078598756249 -0.14891354072872245 -0.3331724797488916 -0.1004629810949567 -0.32655007667631886 0.38430598663467697 -0.5595939297799165 -0.9815440228358238 0.17437415849353555 -0.02748738488003159 0.03514372421571892 -0.12285579917931692 0.1852495954772863 0.16709859441995428 -0.00035338373580234784 0.19646908640602803 0.02197653006025664 -0.07777308848807689 0.4832632893160827 0.14464505682963263 -0.10712192085398375 -0.21979198112195927 -0.3309876104551279 -0.8499176084409407 0.17224057331673076 -0.7048612302904375 -0.07999782765922253 -0.08991750884745275 0.3618109636909189 -0.3196343710353305 -0.5549951238142337 -0.5357376909702515 -0.6698118489311741 0.30861286508434826 0.0658010365723989
0.13256962079815052 0.46023589914684826 -0.08596486890171873 -0.09809080554722847 0.07272041610362633 0.6587120581690005 0.2110392865524092 0.1769885753463203 -0.19652616432813205 -2.016947166633528 -0.13408491175383025 0.2922574637641368 0.7708142773772054 0.14091233999023609 -0.1612017428378349 0.3474594346722702 -0.01482784313349072 0.5784412035624057 -0.03907560397841946 -0.2847848480132311 -0.14644257909194086 0.24568758740356483 0.5128792631577002 -2.817624665590169 -0.9461250850698879 -0.11984565318069988 -0.1304712847348163 0.10127670245061393 0.1279740618980059 -1.468616478868589 -0.38617448628744383 0.16013782741115115 0.11434252961189144 -0.028469558067898956 -0.49648711174590526 0.2256987940851578 0.16282971552255718 0.17025308534243738 -0.13925295652601763 0.1525031207560286 -0.1922307897061676 0.2730277853820869 -0.4761666110336458 -0.15996800066471534 0.45512522301050007 -0.16345225051428217 -0.1335512432255625 -0.12794142356877736 -0.07255359289195985 -0.0569351635113112 -0.05681614068760735 -0.49270834424866516 -0.2687772787415558 -0.1338239694607741 0.23303652867032246 0.003797076611590136 -0.09212011074608575 -0.0861895882945518 0.14442486500008686 -0.19342169604700535 0.03848966604690021 -0.32872715830393767 0.05899149917561396 -0.024461828274041718 -0.1101798501825194
-0.31650906772578963 0.22938349488225962 0.1983480459794087 -0.27771992335698104 -0.06857219774707128 -0.6424938444201334 0.27096434259255164 -0.5067625493546463 0.009806075322656576 0.19516347223284872 0.006033881787048694 0.22425897999837704 -0.028756595783629664 -0.3204602800184766 -0.4860322222751389 0.04256706893458206 0.21368261373601677 0.08515009726762353 -0.09368352144961697 -0.39261460358499173 0.459489997616671 0.05997061889002185 -0.3243987412105717 0.9075919590175082 -0.3440438201900367 -0.101735954209645 -0.10135795915175598 0.2902914356852605 -0.1301650355644576 0.018393089027963196 0.3664479436807095 -0.08906987163873399 0.07197526010836854 -0.06118558625899999 0.07745546619154435 0.25864612858425956 0.07847801517076887 -0.030463735904896698 -1.120840700814525 -1.344529220095367 0.2894662111207354 -0.034572415614656155 -0.4613655552744397 -0.16510050959328687 -0.3912750558700694 -0.4157314265599051 0.07458026445352224 0.39199511389419023 0.3195520520103721 -0.09736210259091607 -0.39588945040553364 -0.15871023177266552 -0.5595330930981949 -0.006094211351332354 0.5838371805492882 0.05194631909383627 0.42865417796870453 -0.36545223660938375 -0.2816289790729149 -0.02766109328498618 -0.13750255217917576 0.012195493462571634 -0.025117764010208255 0.23707933605741513 0.14938447258604068
0.16344452898796172 0.14654196417703408 -0.10176969033234066 -0.16551331443115017 0.441459394855783 -0.3687489876328402 -0.11145260732512083 0.73094107890065 -0.10779162183857383 1.5017831628444593 0.10296933296830953 0.10986233864605725 -0.21953534929230492 -0.7221063883713259 -0.34655518459509277 -0.45900094892321347 0.07317876901432425 0.5722217896561392 0.07524604648695944 -0.1154725056260579 0.2106965564442292 0.27492739406212796 -0.4431042141721127 1.744115825481876 -0.17194289352345407 0.24630634017952832 0.11253959033437105 0.4115782345825985 0.1849663156264338 -0.0313080357401611 -0.2143597857925061 -0.08205591783246266 0.34235316677375366 -0.14062555390671047 0.1861024466795303 -0.012958869823672222 0.09349497991347736 -0.09228380012466009 0.48760572442755046 -0.047392590644560965 -0.31170179943817056 -0.043795356886401765 -0.13697398689483115 0.24812593590009208 -0.31102101523732867 0.14668174667049858 0.14133863562965904 0.3344508009724341 0.5200006211763585 -0.07386243501129389 0.4723955290910332 -0.09402601457708086 -0.594812308497908 -0.5922390792274733 -0.10163470750271981 -0.2637649402510255 0.14020844456146347 0.162109425503868 0.7074338084817516 -0.316366691827839 0.10029148729186711 0.2604394511892828 0.20662566626013323 0.06625270770392834 0.22376891735064072
-0.5157976609854329 -0.2573576439470906 -0.027411738000345114 0.04324224039591844 -0.7174744775414393 0.5835217019763701 -0.1570781250358244 -0.6398488303505728 0.08274708772617248 -1.2207156680711502 0.14033866899242967 -0.15413142429117566 -0.17790158631922756 0.1774553883212908 -0.20979667570708946 0.3989580179343173 0.165935971994104 0.12273592790133506 0.018409307115305903 0.4404377202945729 -0.6514581784706327 -0.2023802352402844 -0.08094429831719926 -1.8866291545409752 0.22045910885210082 0.01123564164212694 -0.30092484947665205 -0.2800028247020943 0.22879380452330464 -0.4640307023314206 -0.16023124178559517 0.2374107141695956 0.45920489390374425 -0.11724482536200868 -0.55133968626677 0.019030491909121625 -0.3655042896157729 0.2387618201330587 -0.14101834892870974 -0.15384640901971752 0.3662967894009093 0.12317394672517407 0.15868219153117066 -0.8580246488311271 0.4571809774973613 -0.12040240877008948 -0.6361431460329352 -0.749145903793009 0.24006005855619614 0.13851466569555773 -0.08826522971897399 -0.23248832550458456 0.15288944871968 -0.20462657358617542 0.28087604266000105 0.40350236365173003 0.08395345559185367 0.2298756721246545 0.08005188729636208 0.17997290868868154 -0.4071654589919824 -0.021782713497708352 -0.281220426902238 0.25996080387017195 0.10199907853250323
0.25790791215383546 -0.6617079852691754 0.3374242847303282 -1.0007689667654576 1.4734678642716847 -0.16760124809289892 -0.8406940275885701 0.288337735373668 0.7419162659146304 -0.6596545041190673 0.21006489222957236 0.8940470918631472 -0.21674272563158645 0.16214524315866638 -0.8368504599652569 -1.3316977582805762 -3.6177480566550826 0.5873820138634119 -0.738235750768488 0.485217655506594 0.4438058506747627 -1.7919496344595804 0.054579121591493404 0.14695633939529612 1.379876974316972 1.0445935146486507 -0.0014377445484047425 0.6589634311526338 1.6680844195817446 0.16557466854297487 -0.6904226886452075 0.5968160220671351 0.11387804775171402
-0.18972742989509442 0.5408075402100353 -0.7040169703098894 0.3284853413372478 -0.22661760432957223 0.7226825668827724 0.735052818505513 0.3962997368997912 -0.6873172978477267 0.24057849971338507 -0.5580014047666289 0.8266657175869726 0.426241232691868 -0.41178805294551085 0.039971183036523014 0.4847709372156817 0.4142094239279862 0.3630982471660421 0.2417907822944213 -0.16295834397523487 -0.5497070324281197 0.0628267306886516 -0.06992441761248773 0.37211264461418203 -0.029691861671599033 -0.44476122786486927 0.45103136758494444 0.511740830090243 -0.5167447948987423 -0.800804162654074 -0.38164073347425936 0.39993084062991463 -0.09592556514700341
0.7772003976342134 -0.38241961301112415 -0.01864277566906034 0.9738269773417724 -1.8459657507031084 -0.9236330100876716 0.4498967380691291 0.20521291888324575 -0.06392597118263398 0.9230651263517486 0.5623928384296145 -1.034768788269885 -0.41240053759073186 -0.09226671697299137 0.49418885549541774 0.6193713098619132 2.861812242165201 -0.9038639709069763 0.5800235688455467 -0.12861580035595063 -0.5716670733314723 0.9628112397634018 -2.2135755431355797 -1.0536533264357577 -1.9311008053828203 -0.02117496486677315 -0.5229657827992041 -1.6389584808896074 -1.2533319748002614 0.4549719123740631 0.1686226203575002 -0.8432583323057269 0.014439118419903904
